,"MX",,".MEXICO",,,,,,,,
,"MX","ASO","Abasolo","Abasolo","GUA","--3-----","RQ","0901",,,
,"MX","AJS","Abreojos","Abreojos",,"---4----","AI","0001",,,
,"MX","ACE","Acajete","Acajete","PUE","-----6--","RL","1407",,"1906N 09757W",
,"MX","JJT","Acajete","Acajete","VER","-----6--","RL","1201",,"1935N 09700W",
,"MX","ACB","Acambaro","Acambaro","GUA","--3-----","RQ","0607",,"2002N 10043W",
,"MX","ANH","Acanceh","Acanceh","YUC","1-------","RQ","0901",,,
,"MX","ACP","Acaponeta","Acaponeta","NAY","--3-----","RQ","0607",,"2230N 10522W",
,"MX","ACA","Acapulco","Acapulco","GRO","1--4----","AI","0907",,"1651N 09952W",""
,"MX","ACT","Acatic","Acatic","JAL","-----6--","RL","1201",,"2047N 10253W",
,"MX","AAN","Acatlán","Acatlan","VER","--3-----","RL","1601",,"1943N 09650W",
,"MX","EPZ","Acatlán de Juárez","Acatlan de Juarez","JAL","-----6--","RL","1201",,"2025N 10335W",
,"MX","ADO","Acatlán de Osorio","Acatlan de Osorio","PUE","--3-----","RL","0907",,"1812N 09803W",
,"MX","JCZ","Acatzingo","Acatzingo",,"-----6--","RL","1201",,"1858N 09746W",
,"MX","ADH","Acatzingo de Hidalgo","Acatzingo de Hidalgo","PUE","--3-----","RL","2001",,"1859N 09747W",
,"MX","ACX","Acaxochitlán","Acaxochitlan","HID","--3--6--","RL","0501",,"2010N 09812W",
,"MX","ACM","Acolman","Acolman","MEX","1----6--","RL","1107",,"1937N 09855W",
,"MX","JCP","Actopan","Actopan","HID","-----6--","RL","1201",,"2016N 09856W",
,"MX","ACL","Acuamanala","Acuamanala","TLA","--3-----","RL","1601",,"1913N 09812W",
,"MX","AZ2","Acuitzio del Canje","Acuitzio del Canje","MIC","--3-----","RL","1601",,"1929N 10120W",
,"MX","ADE","Aculco de Espinosa","Aculco de Espinosa","MEX","--3-----","RQ","0907",,"2005N 09949W",
,"MX","ACU","Acuna","Acuna",,"--3-----","RQ","9501",,,
,"MX","AGD","Agua Dulce","Agua Dulce","BCN","--3-----","RQ","0607",,"2953N 11453W",
,"MX","APR","Agua Prieta","Agua Prieta","SON","123--6--","RL","0307",,"3118N 10934W",
,"MX","AGU","Aguascalientes","Aguascalientes","AGU","--34----","AI","0212",,"2153N 10218W",
,"MX","AHM","Ahome","Ahome","SIN","--3-----","RL","1607",,"2555N 10911W",
,"MX","AH5","Ahualulco","Ahualulco","SLP","--3-----","RL","1501",,"2240N 10116W",
,"MX","JHT","Ahuatepec","Ahuatepec","MOR","-----6--","RL","1201",,"1857N 09913W",
,"MX","AXT","Ahuazotepec","Ahuazotepec","HID","-----6--","RL","1201",,"2003N 09809W",
,"MX","AHU","Ahumada","Ahumada","CHH","--3-----","RQ","0907",,"3036N 10630W",
,"MX","QMX","Ajuchitlán","Ajuchitlan","QUE","-----6--","RL","1801",,"2043N 10001W",
,"MX","AKI","Akil","Akil","YUC","--3-----","RQ","0607",,"2016N 08921W",
,"MX","ALO","Álamo","Alamo","VER","--3-----","RL","0701",,"2055N 09740W",""
,"MX","ALD","Aldama","Aldama","TAM","--3-----","RL","0901",,"2255N 09804W",
,"MX","ALF","Alfajayucan","Alfajayucan","HID","--3-----","RL","1401",,"2025N 09921W",
,"MX","ALL","Allende","Allende","NLE","--3-----","RL","1301",,"2517N 10001W",
,"MX","ADJ","Almoloya De Juarez","Almoloya De Juarez","MEX","--3-----","RL","1601",,"1922N 09945W",
,"MX","ATM","Altamira","Altamira","TAM","1-3-----","RL","1101",,"2224N 09755W",""
,"MX","AVD","Alvarado","Alvarado","VER","1-------","AI","9401",,,
,"MX","AOB","Alvaro Obregon","Alvaro Obregon",,"1-------","QQ","8103",,,
,"MX","AMZ","Amacuzac","Amacuzac","MOR","--3-----","RL","1401",,"1835N 09921W",
,"MX","ATN","Amatitán","Amatitan","JAL","123-----","RL","0907",,"2050N 10343W",""
,"MX","MDE","Amatlán de los Reyes","Amatlan de los Reyes","VER","--3-----","RL","1807",,"1850N 09655W",
,"MX","ADB","Amealco de Bonfil","Amealco de Bonfil","QUE","--3-----","RL","1707",,"2011N 10008W",
,"MX","AME","Ameca","Ameca","JAL","--3-----","RL","1707",,"2033N 10402W",
,"MX","AMC","Amozoc de Mota","Amozoc de Mota","PUE","--3-----","RL","1607",,"1902N 09803W",
,"MX","ANA","Anahuac","Anahuac","CHH","--3-----","RL","1301",,"2830N 10645W",
,"MX","AAC","Angel Albino Corzo","Angel Albino Corzo","CHP","--3-----","RL","1207",,"1555N 09243W",
,"MX","AOE","Antonio Escobedo","Antonio Escobedo","JAL","--3-----","RL","0907",,"2047N 10359W","a.k.a San Juanito"
,"MX","ATZ","Antunez","Antunez","MIC","-----6--","RL","0901",,"1825N 10224W",
,"MX","APN","Apan","Apan","HID","--3-----","RQ","0907",,"1942N 09827W",
,"MX","APO","Apaseo","Apaseo","ZAC","--3-----","RL","1601",,"2419N 10259W",
,"MX","AEA","Apaseo el Alto","Apaseo el Alto","GUA","--3-----","RQ","0907",,"2027N 10037W",
,"MX","APA","Apaseo el Grande","Apaseo el Grande","GUA","-23-----","RL","0307",,"2034N 10042W",
,"MX","AZG","Apatzingan","Apatzingan",,"---4----","AI","0001",,,
,"MX","APX","Apaxco de Ocampo","Apaxco de Ocampo","MEX","-23--6--","RL","0601",,"1959N 09910W",
,"MX","AZP","Apazapan","Apazapan","VER","--3-----","RL","1601",,"1919N 09643W",
,"MX","API","Apizaco","Apizaco","TLA","--3-----","RL","0101",,"1925N 09808W",
,"MX","APD","Apodaca","Apodaca",,"--3-----","RL","9805",,,
,"MX","AMB","Aramberri","Aramberri","NLE","--3-----","RL","1301",,"2405N 09948W",
,"MX","ARA","Arandas","Arandas","JAL","--3-----","RL","0101",,"2042N 10220W",
,"MX","ARC","Arcelia","Arcelia","GRO","--3-----","RQ","0607",,"1817N 10018W",
,"MX","ADR","Ario de Rosales","Ario de Rosales","MIC","--3-----","RQ","0907",,"1912N 10142W",
,"MX","ARZ","Arizpe","Arizpe","SON","1-3--6--","RL","0307",,"3020N 11010W",
,"MX","ARR","Arriaga","Arriaga","CHP","--3-----","RL","1407",,"1614N 09354W",
,"MX","AHO","Arteaga","Arteaga","COA","-----6--","RL","0901",,"2525N 10051W",
,"MX","ACC","Ascencion","Ascencion","CHH","--3-----","RQ","0607",,"3105N 10759W",
,"MX","ATE","Atequiza","Atequiza","JAL","-23--6--","RL","0501",,"2024N 10308W",
,"MX","ATI","Atitalaquia","Atitalaquia","HID","--3-----","RL","0101",,"2004N 09913W",
,"MX","ATA","Atizapán","Atizapan","MEX","--3-----","RL","1207",,"1915N 09933W",
,"MX","AZA","Atizapan de Zaragoza","Atizapan de Zaragoza","MEX","-----6--","RL","1801",,"1933N 09914W",
,"MX","ADZ","Atizapán de Zaragoza","Atizapan de Zaragoza","TAM","-----6--","RL","1201",,"2249N 09835W",
,"MX","ALC","Atlacomulco","Atlacomulco","MOR","--3-----","RL","0101",,"1854N 09910W",
,"MX","ACO","Atlacomulco de Fabela","Atlacomulco de Fabela","MEX","--3--6--","RL","0907",,"1948N 09952W",
,"MX","ATH","Atlatlahucan","Atlatlahucan","MOR","--3-----","RL","1301",,"1856N 09854W",
,"MX","ATL","Atlixco","Atlixco","PUE","--3-----","RL","0401",,"1854N 09826W",
,"MX","ATT","Atotonilco","Atotonilco","DUR","--3--6--","RL","0501",,"2438N 10341W",
,"MX","ALT","Atotonilco de Tula","Atotonilco de Tula","HID","--3-----","RL","1307",,"2003N 09911W",
,"MX","ATO","Atotonilco el Alto","Atotonilco el Alto","JAL","-23--6--","RL","0601",,"2033N 10230W",
,"MX","AQL","Atotonilquillo","Atotonilquillo","JAL","-23-----","RL","0407",,"2024N 10308W",
,"MX","AYC","Atoyac","Atoyac","JAL","--3-----","RQ","0907",,"2000N 10331W",
,"MX","ABB","Atunes","Atunes","MIC","1-------","RQ","0907",,,
,"MX","AZL","Atzalan","Atzalan","VER","--3-----","RL","1301",,"1948N 09713W",
,"MX","AUT","Autlan","Autlan","JAL","--3-----","RQ","0607",,"1947N 10422W",
,"MX","AVA","Avante","Avante","COA","--3-----","RL","1401",,"2713N 10327W",
,"MX","AXA","Axapusco","Axapusco","MEX","--3-----","RL","2001",,"1944N 09845W",
,"MX","AYA","Ayala","Ayala","MOR","-23-----","RL","0407",,"1845N 09859W",
,"MX","AYO","Ayotlan","Ayotlan","JAL","--3-----","RQ","0607",,"2032N 10221W",
,"MX","AYH","Ayotzintepec","Ayotzintepec","OAX","--3-----","RL","1607",,"1740N 09608W",
,"MX","AYU","Ayutla","Ayutla","JAL","--3-----","RQ","0607",,"2007N 10421W",
,"MX","AYL","Ayutla de los Libres","Ayutla de los Libres","GRO","--3-----","RL","0901",,"1654N 09913W",
,"MX","APZ","Azcapotzalco","Azcapotzalco","CMX","-23-----","RL","1707",,"1928N 09912W",""
,"MX","BCA","Baca","Baca","YUC","--3-----","RL","1707",,"2106N 08925W",
,"MX","BAC","Bachíniva","Bachiniva","CHH","-----6--","RL","1201",,"2845N 10715W",
,"MX","BHL","Bahia Angeles","Bahia Angeles",,"---4----","AI","0001",,,
,"MX","BDB","Bahía de Banderas","Bahia de Banderas","NAY","-23-----","RL","1407",,"2038N 10522W",
,"MX","BAA","Bahia de los Angeles","Bahia de los Angeles","BCN","--3-----","RQ","0607",,"2858N 11333W",
,"MX","BAK","Bahia Kino","Bahia Kino","SON","--3-----","RL","0901",,"2850N 11156W",
,"MX","BAL","Balancan","Balancan","TAB","--3-----","RQ","0607",,"1749N 09132W",
,"MX","BAN","Banamichi","Banamichi","SON","--3-----","RL","0901",,"3000N 11013W",
,"MX","BDN","Barra de Navidad","Barra de Navidad","JAL","--3-----","RQ","0607",,"1912N 10441W",
,"MX","EA2","Barretal","Barretal","TAM","1----6--","RQ","1001",,"2405N 09907W",
,"MX","BTA","Batacosa","Batacosa","SON","--3-----","RL","1707",,"2731N 10924W",
,"MX","BDA","Benemerito De Las Americas","Benemerito De Las Americas","CHP","--3-----","RL","1601",,"1631N 09038W",
,"MX","BEJ","Benito Juarez","Benito Juarez","CHH","--3-----","RL","0901",,"3009N 10651W",
,"MX","G6H","BenitoJuárez","BenitoJuarez","ROO","--3-----","RL","1601",,"2049N 08719W",
,"MX","BER","Bernal","Bernal","QUE","-----6--","RL","1407",,"2044N 09956W",
,"MX","BDR","Boca del Río","Boca del Rio","VER","1-3-----","RL","0601",,"1907N 09607W",
,"MX","BUE","Buenaventura","Buenaventura","CHH","--3-----","RL","0901",,"2951N 10729W",
,"MX","CSL","Cabo San Lucas","Cabo San Lucas","BCS","1-3-----","AI","0907",,"2253N 10953W",""
,"MX","CBV","Caborca Viejo","Caborca Viejo","SON","--3-----","RL","0307",,"3041N 11208W",
,"MX","ZCA","Cadereyta Jiménez","Cadereyta Jimenez","NLE","123--6--","RL","0307",,"2536N 10000W",
,"MX","JCM","Cajeme","Cajeme","SON","--3-----","RL","1401",,"2836N 11131W",
,"MX","CVR","Calera Victor Rosales","Calera Victor Rosales","ZAC","--3-----","RQ","0901",,"2256N 10242W",
,"MX","CLM","Calimaya De Diaz Gonzalez","Calimaya De Diaz Gonzalez","MEX","--3-----","RL","1601",,"1909N 09937W",
,"MX","CLK","Calkini","Calkini","CAM","--3-----","RL","0901",,"2022N 09003W",
,"MX","CAL","Calpulalpan","Calpulalpan","MEX","--3-----","RQ","0607",,"2003N 09937W",
,"MX","AAO","Camargo","Camargo","CHH","1----6--","RL","1201",,"2766N 10516W",
,"MX","CPE","Campeche","Campeche","CAM","1--4----","AI","9601",,,
,"MX","COB","Canadas de Obregón","Canadas de Obregon","JAL","--3-----","RL","1707",,"2106N 10233W",
,"MX","CNA","Cananea","Cananea","SON","--3--6--","RQ","0607",,"3059N 11017W",
,"MX","CAN","Canatlan","Canatlan","DUR","--3-----","RQ","0607",,"2431N 10446W",
,"MX","CUN","Cancún","Cancun","ROO","---4----","AI","0212",,"2110N 08650W",
,"MX","CNT","Cantarell","Cantarell",,"------7-","RQ","0907",,"1940N 09205W",
,"MX","CAO","Caobas","Caobas","ROO","--3-----","RL","0901",,"1827N 08900W",
,"MX","CDG","Capilla de Guadalupe","Capilla de Guadalupe","JAL","--3-----","RL","0901",,"2050N 10235W",
,"MX","9CP","Capulhuac","Capulhuac","MEX","--3-----","RL","1601",,"1912N 09928W",
,"MX","CDN","Cardenas","Cardenas",,"-2------","RQ","9705",,,
,"MX","CAS","Casimiro Castillo","Casimiro Castillo","JAL","--3-----","RQ","0607",,"1937N 10426W",
,"MX","CTA","Cataviña","Catavina","BCN","--3-----","RL","1407",,"2952N 11457W",
,"MX","CMC","Catemaco","Catemaco","VER","--3-----","RL","1807",,"1825N 09507W",
,"MX","CAT","Cayo Arcas Terminal","Cayo Arcas Terminal",,"1-------","AI","0907",,"1941N 09205W",""
,"MX","ALG","Cedral","Cedral","SLP","--3-----","RL","1607",,"2128N 09844W",
,"MX","CED","Cedros","Cedros","BCN","1-3-----","RL","0212",,"2807N 11510W",
,"MX","CRI","Cedros Island","Cedros Island","BCN","1-------","RL","1107",,"2810N 11513W",
,"MX","CLY","Celaya","Celaya","GUA","-23-----","RL","0101",,"2031N 10049W",
,"MX","CET","Celestun","Celestun","YUC","--3-----","RL","0901",,"2052N 09024W",
,"MX","CTR","Centro","Centro","TAB","--3-----","RL","1707",,"1759N 09255W",
,"MX","COO","Cerro de Ortega","Cerro de Ortega","COL","--3-----","RQ","0901",,"1845N 10343W",
,"MX","CHP","Chachapa","Chachapa","PUE","--3-----","RL","1307",,"1902N 09805W",
,"MX","CHH","Chahuites","Chahuites","OAX","--3-----","RQ","0607",,"1617N 09411W",
,"MX","ZMB","Chalco","Chalco","MEX","-----6--","RL","0901",,"1916N 09854W",
,"MX","CHM","Chamela","Chamela","JAL","--3-----","RQ","0607",,"1932N 10505W",
,"MX","CPM","Champoton","Champoton","CAM","--3-----","RL","1607",,"1921N 09043W",
,"MX","CDM","Chapa De Mota","Chapa De Mota","MEX","--3-----","RL","1601",,"1948N 09931W",
,"MX","CPL","Chapala","Chapala","JAL","-----6--","RL","1801",,"2018N 10312W",
,"MX","CPC","Chapultepec","Chapultepec","VER","--3-----","RL","1301",,"2033N 09727W",
,"MX","CCS","Charcas","Charcas","SLP","--3-----","RL","0901",,"2308N 10107W",
,"MX","CHV","Chavinda","Chavinda","MIC","--3-----","RL","1707",,"2001N 10227W",
,"MX","CTM","Chetumal","Chetumal","ROO","1--4----","AI","9601",,,
,"MX","CCZ","Chiapa de Corzo","Chiapa de Corzo","CHP","--3-----","RL","1301",,"1642N 09300W",
,"MX","CZA","Chichén-Itzá","Chichen-Itza",,"---4----","AI","0212",,"2040N 08834W",
,"MX","SVC","Chicoloapan","Chicoloapan","MEX","--3-----","RL","1407",,"1924N 09854W",
,"MX","ZMC","Chiconcuac","Chiconcuac","MEX","-----6--","RL","0901",,"1933N 09854W",
,"MX","CUU","Chihuahua","Chihuahua","CHH","---4----","AI","9601",,,
,"MX","CCT","Chilchota","Chilchota","MIC","--3-----","RL","1301",,"1951N 10208W",
,"MX","CHI","Chilpancingo","Chilpancingo","GRO","--3-----","RL","0212",,"1733N 09930W",
,"MX","TAB","Chiltepec","Chiltepec","TAB","1-------","RL","1601",,"1825N 09305W",
,"MX","CML","Chimalapa","Chimalapa","CHP","--3-----","RQ","0607",,"1524N 09213W",
,"MX","CMH","Chimalhuacán (Santa María Chimalhuacán)","Chimalhuacan (Santa Maria Chimalhuacan)","MEX","--3-----","RL","1301",,"1925N 09854W",
,"MX","CHN","China","China","CAM","--3-----","RQ","0607",,"1945N 09030W",
,"MX","CFJ","Chipilio de Francisco Javier Mina","Chipilio de Francisco Javier Mina","PUE","--3-----","RQ","0607",,"1901N 09820W",
,"MX","BF2","Choacahui","Choacahui","SIN","--3-----","RL","1501",,"2557N 10905W",
,"MX","CHO","Choix","Choix","SIN","--3-----","RQ","0607",,"2642N 10819W",
,"MX","CHA","Cholula","Cholula","PUE","--3-----","RL","0701",,"1903N 09818W",
,"MX","CDF","Cienega de Flores","Cienega de Flores","NLE","--3-----","RQ","0607",,"2556N 10009W",
,"MX","CGF","Ciénega de Flores","Cienega de Flores","NLE","--3-----","RL","1301",,"2557N 10011W",
,"MX","CNS","Ciénegas","Cienegas","AGU","--3-----","RL","1601",,"2146N 10233W",
,"MX","CHU","Cihuatlán","Cihuatlan","JAL","--3-----","RL","1701",,"1915N 10434W",
,"MX","ACN","Ciudad Acuna","Ciudad Acuna",,"---4----","AI","0001",,,
,"MX","CIA","Ciudad Altamirano","Ciudad Altamirano","GRO","--3-----","RQ","0607",,"1821N 10039W",
,"MX","CCG","Ciudad Camargo","Ciudad Camargo","CHH","--3-----","RL","1207",,"2740N 10510W",
,"MX","CUA","Ciudad Constitución","Ciudad Constitucion","BCS","--34----","RL","0212",,"2502N 11140W",
,"MX","CCU","Ciudad Cuauthemoc","Ciudad Cuauthemoc","CHP","--3-----","RQ","0607",,"1539N 09159W",
,"MX","MEX","Ciudad de México","Ciudad de Mexico","CMX","-23456--","AI","1701",,"1926N 09908W",""
,"MX","CME","Ciudad del Carmen","Ciudad del Carmen","CAM","1-------","AI","0907",,"1838N 09150W",""
,"MX","CDS","Ciudad del Sol","Ciudad del Sol","JAL","--3-----","RL","1207",,"2039N 10324W",
,"MX","GUZ","Ciudad Guzmán","Ciudad Guzman","JAL","-23--6--","RL","0601",,"1942N 10327W",
,"MX","HID","Ciudad Hidalgo","Ciudad Hidalgo","CHP","--3-----","RL","1301",,"1441N 09209W",
,"MX","ZMF","Ciudad Hidalgo","Ciudad Hidalgo","MIC","-----6--","RL","0901",,"1941N 10034W",
,"MX","CJS","Ciudad Juárez","Ciudad Juarez","CHH","---4----","AI","0212",,"3144N 10629W",
,"MX","LED","Ciudad Lerdo","Ciudad Lerdo","COA","--3-----","RL","1707",,"2532N 10332W",""
,"MX","CDD","Ciudad Madero","Ciudad Madero","TAM","1-34----","RL","0307",,"2216N 09750W",
,"MX","MMC","Ciudad Mante","Ciudad Mante","TAM","--3-----","RL","0101",,"2244N 09857W",
,"MX","CMA","Ciudad Miguel Aleman","Ciudad Miguel Aleman","TAM","--3-----","RL","0901",,"2621N 09906W",
,"MX","CEN","Ciudad Obregon","Ciudad Obregon","SON","---4----","AI","0212",,"2729N 10956W",
,"MX","CPX","Ciudad Pemex","Ciudad Pemex","TAB","--3-----","RL","1801",,"1754N 09230W",
,"MX","RBV","Ciudad Río Bravo","Ciudad Rio Bravo","TAM","123--6--","RL","0701",,"2558N 09805W",""
,"MX","CSG","Ciudad Sahagún","Ciudad Sahagun","HID","123--6--","RL","0701",,"1946N 09834W",""
,"MX","CDV","Ciudad Valles","Ciudad Valles","SLP","--3-----","RQ","0607",,"2159N 09901W",
,"MX","CVM","Ciudad Victoria","Ciudad Victoria","TAM","---4----","RL","0212",,"2344N 09908W",
,"MX","VAC","Civac","Civac","MOR","--3-----","RL","1207",,"1854N 09910W",
,"MX","COC","Coacalco","Coacalco","MEX","--3-----","RL","1401",,"1937N 09906W",
,"MX","BEZ","Coacalco de Berriozábal","Coacalco de Berriozabal","MEX","--3-----","RQ","1807",,"1937N 09906W",
,"MX","OAH","Coahuayana de Hidalgo","Coahuayana de Hidalgo","MIC","--3-----","RL","1301",,"1845N 10340W",
,"MX","DD5","Coahuila","Coahuila","SLP","--3-----","RL","1607",,"2156N 10049W",
,"MX","CHL","Coahuila","Coahuila","SON","--3-----","RL","0101",,"2835N 11123W",
,"MX","CCN","Coalcoman","Coalcoman","MIC","--3-----","RQ","0607",,"1864N 10308W",
,"MX","CTP","Coatepac","Coatepac","VER","--3-----","RL","0101",,"1925N 09656W",
,"MX","COQ","Coatepec","Coatepec","PUE","--3-----","RL","1407",,"1842N 09831W",
,"MX","T8P","Coatepec","Coatepec","VER","--3-----","RL","1807",,"1927N 09658W",
,"MX","CPA","Coatepec Harinas","Coatepec Harinas","MEX","--3-----","RL","0701",,"1854N 09943W",
,"MX","COA","Coatzacoalcos","Coatzacoalcos","VER","1--4----","AI","0907",,"1808N 09424W",""
,"MX","CPT","Col Portales","Col Portales",,"--3-----","RL","9805",,,
,"MX","COL","Colima","Colima","COL","--34----","RL","1101","CLQ","1914N 10343W",""
,"MX","5CL","Colombia","Colombia","NLE","--3--6--","RL","1601",,"2742N 09945W",""
,"MX","CLN","Colon","Colon","QUE","--3-----","RL","1301",,"2048N 10003W",
,"MX","CJT","Comitan","Comitan",,"---4----","AI","0001",,,
,"MX","CON","Comonfort","Comonfort","GUA","--3-----","RL","1601",,"2043N 10046W",
,"MX","CDO","Concepcion del Oro","Concepcion del Oro","ZAC","--3-----","RQ","0607",,"2436N 10124W",
,"MX","CTC","Contepec","Contepec","MEX","--3-----","RL","1301",,"2001N 10007W",
,"MX","CLA","Contla","Contla","TLA","--3-----","RL","1801",,"1920N 09810W",
,"MX","COP","Copainala","Copainala","CHP","--3-----","RL","0901",,"1705N 09312W",
,"MX","CDU","Córdoba","Cordoba","VER","--3-----","RL","0201",,"1853N 09655W",
,"MX","COE","Coroneo","Coroneo","GUA","--3-----","RL","1707",,"2108N 10020W",
,"MX","COR","Corregidora","Corregidora","QUE","--3-----","RL","1707",,"2031N 10026W",
,"MX","CTZ","Cortazar","Cortazar","GUA","--3-----","RL","1001",,"2029N 10056W",""
,"MX","COS","Cosoleacaque","Cosoleacaque","VER","-23--67-","RL","0501",,"1800N 09437W",
,"MX","CTX","Cotaxtla","Cotaxtla","VER","1-3--6--","RL","0701",,"1850N 09623W",""
,"MX","COT","Cotija","Cotija","MIC","--3-----","RQ","0607",,"1948N 10242W",
,"MX","CYA","Coyoacán","Coyoacan","DIF","--3-----","RL","1307",,"1919N 09909W",""
,"MX","CZM","Cozumel","Cozumel","ROO","1--4----","AI","0907",,"2031N 08656W",""
,"MX","CUJ","Cuajimalpa","Cuajimalpa","MEX","--3-----","RL","0207",,"1921N 09918W",
,"MX","CJI","Cuajinicuilapa","Cuajinicuilapa","GRO","--3-----","RQ","0607",,"1628N 09826W",
,"MX","CTG","Cuatrocienegas de Carranza","Cuatrocienegas de Carranza","COA","--3-----","RL","0901",,"2659N 10205W",
,"MX","CHT","Cuauhtemoc","Cuauhtemoc",,"--3-----","RQ","9704",,,
,"MX","CDH","Cuautepec de Hinojosa","Cuautepec de Hinojosa","HID","-----6--","RQ","1001",,"2002N 09818W",
,"MX","CUH","Cuautinchan","Cuautinchan","PUE","-----6--","RQ","1007",,"1856N 09801W",
,"MX","CTN","Cuautitlan","Cuautitlan","MEX","--3-----","RL","0701",,"1940N 09910W",
,"MX","CUT","Cuautitlán Izcalli","Cuautitlan Izcalli","MEX","--3-----","RL","0507",,"1938N 09914W",""
,"MX","CTL","Cuautla","Cuautla","JAL","1-3--6--","RL","0307",,"2012N 10424W",
,"MX","CUM","Cuautla Morelos","Cuautla Morelos","MOR","--3-----","RL","0101",,"1849N 09856W",
,"MX","CAU","Cuautlancingo","Cuautlancingo","PUE","-23--6--","RL","0607",,"1905N 09816W",
,"MX","CUE","Cuencame","Cuencame","DUR","--3-----","RQ","0607",,"2451N 10341W",
,"MX","CVC","Cuernavaca","Cuernavaca","MOR","--34----","RL","1101","CVJ","1855N 09915W",""
,"MX","CDP","Cuetzalan del Progreso","Cuetzalan del Progreso","PUE","-----6--","RL","1107",,"2002N 09731W",
,"MX","CUI","Cuitláhuac","Cuitlahuac","VER","-----6--","RL","1201",,"1849N 09643W",
,"MX","CUL","Culiacán","Culiacan","SIN","-234----","AI","0307",,"2447N 10723W",
,"MX","CMP","Cumpas","Cumpas","SON","--3-----","RQ","0607",,"2959N 10946W",
,"MX","CDC","Cunduacan","Cunduacan","TAB","--3-----","RL","1601",,"1804N 09310W",
,"MX","CQO","Cuquio","Cuquio","JAL","--3-----","RQ","0901",,"2055N 10301W",
,"MX","CIO","Cutzio","Cutzio","MIC","--3-----","RQ","0607",,"1839N 10054W",
,"MX","DEG","Degollado","Degollado","JAL","--3-----","RL","1301",,"2028N 10209W",
,"MX","DCS","Delicias","Delicias","CHH","--3-----","RQ","0901",,"2811N 10528W",
,"MX","DIN","Dinamita","Dinamita","DUR","--3-----","RL","1807",,"2543N 10338W",
,"MX","DFL","Distrito Federal","Distrito Federal","BCN","--3-----","RL","1301",,"3229N 11502W",
,"MX","DOC","Doctor Arroyo","Doctor Arroyo","NLE","--3-----","RL","0901",,"2340N 10011W",
,"MX","DHD","Dolores Hidalgo","Dolores Hidalgo","GUA","1-3--6--","RL","0307",,"2109N 10055W",
,"MX","DBT","Dos Bocas Terminal","Dos Bocas Terminal","TAB","1-------","AI","0907",,"1830N 09311W",""
,"MX","DGO","Durango","Durango","DUR","--34----","AI","1401",,"2402N 10440W",""
,"MX","DZI","Dzilam de Bravo","Dzilam de Bravo","MEX","--3-----","RL","1501",,"2124N 08853W",
,"MX","DZT","Dzitas","Dzitas","YUC","--3-----","RL","1601",,"2051N 08831W",
,"MX","EPC","Ecatepec","Ecatepec","MEX","--3--6--","RL","1301",,"1936N 09903W",""
,"MX","ETP","Ecatepec","Ecatepec","OAX","--3-----","RL","0201",,"1615N 09547W",
,"MX","ETM","Ecatepec de Morelos","Ecatepec de Morelos","MEX","--3-----","RL","1601",,"1936N 09903W",
,"MX","ECU","Ecuandureo","Ecuandureo","MIC","-23-----","RL","1501",,"2010N 10212W",
,"MX","EAJ","El Arenal","El Arenal","JAL","--3-----","RL","1601",,"2042N 10337W",
,"MX","ECA","El Carmen","El Carmen","NLE","--3-----","RL","0901",,"2437N 10029W",
,"MX","ECT","El Chapo","El Chapo","TAB","--3-----","RL","1407",,"1755N 09359W",
,"MX","ELC","El Coacoyul","El Coacoyul","GRO","--3-----","RL","0901",,"1737N 10126W",
,"MX","ELF","El Fuerte","El Fuerte","SIN","--3-----","RL","0901",,"2625N 10837W",
,"MX","EHV","El Higo","El Higo","VER","--3-----","RL","1207",,"2146N 09828W",
,"MX","EMQ","El Marques","El Marques","QUE","--3--6--","RQ","0607",,"2037N 10019W",
,"MX","ELN","El Naranjillo","El Naranjillo","GRO","--3-----","RQ","0607",,"1804N 10150W",
,"MX","ELP","El Paso","El Paso","COA","--3-----","RQ","0607",,"2829N 10106W",
,"MX","EPO","El Pueblito","El Pueblito","QUE","--3-----","RL","1707",,"2032N 10027W",
,"MX","ELR","El Ranchito","El Ranchito","MIC","--3-----","RQ","0607",,"1840N 10341W",
,"MX","LRS","El Rosario","El Rosario","BCN","--3-----","RL","1301",,"3003N 11544W",
,"MX","ERS","El Rosario","El Rosario","SIN","--3-----","RL","1201",,"2259N 10552W",
,"MX","ELS","El Salto","El Salto",,"--3-----","RQ","9501",,,
,"MX","ESO","El Salto","El Salto","JAL","--3-----","RQ","0607",,"2020N 10430W",
,"MX","ESA","El Saucito","El Saucito","CHH","--3-----","RL","1707",,"2633N 10738W",
,"MX","ESZ","El Sauzal","El Sauzal","BCN","--3-----","RQ","0901",,"3154N 11641W",
,"MX","EVI","El Vizcaino","El Vizcaino","BCS","--3-----","RQ","0607",,"2741N 11325W",
,"MX","ELD","Eldorado","Eldorado",,"1-------","RQ","8103",,,
,"MX","EMZ","Emiliano Zapata","Emiliano Zapata","MOR","--3-----","RL","1707",,"1852N 09909W",
,"MX","E2Z","Emiliano Zapata","Emiliano Zapata","VER","--3-----","RL","1607",,"1729N 09512W",
,"MX","EPM","Empalme","Empalme","SON","1234----","RL","0407",,"2758N 11049W",
,"MX","ESE","Ensenada","Ensenada","BCN","1--4----","AI","0907",,"3151N 11636W",""
,"MX","ECC","Escarcega","Escarcega","CAM","--3-----","RL","0901",,"1837N 09043W",
,"MX","ECB","Escobedo","Escobedo","COA","--3-----","RL","0901",,"2520N 10042W",
,"MX","ESC","Escobedo","Escobedo","NLE","--3-----","RL","0201",,"2509N 09952W",
,"MX","EHG","Escuinapa de Hidalgo","Escuinapa de Hidalgo","SIN","--3-----","RQ","0901",,"2251N 10548W",
,"MX","SCP","Escuinapan","Escuinapan","SIN","--3-----","RL","1301",,"2249N 10546W",
,"MX","EDM","Estado de Mexico","Estado de Mexico","CAM","--3-----","RQ","0901",,"1801N 09052W",
,"MX","EZE","Ezequiel Montes","Ezequiel Montes","QUE","--3-----","RL","1801",,"2040N 09953W",
,"MX","FCP","Felipe Carrillo Puerto","Felipe Carrillo Puerto","ROO","--3-----","RL","0307",,"1935N 08803W",
,"MX","FLF","Fortin de las Flores","Fortin de las Flores","VER","-----6--","RL","0901",,"1913N 09615W",
,"MX","FIM","Francisco I. Madero","Francisco I. Madero","DUR","--3-----","RL","1707",,"2239N 10417W",
,"MX","FRZ","Francisco Zarco","Francisco Zarco","BCN","--3-----","RL","1501",,"3205N 11634W",
,"MX","FRE","Fresnillo","Fresnillo","ZAC","-----6--","RL","1801",,"2310N 10252W",
,"MX","FGE","Fresnillo de González Echeverría","Fresnillo de Gonzalez Echeverria","ZAC","--3-----","RL","0307",,"2309N 10251W",
,"MX","FTR","Frontera","Frontera","COA","--3-----","RL","0901",,"2655N 10127W",
,"MX","FRN","Frontera","Frontera","TAB","1-------","AI","0907",,"1832N 09238W",""
,"MX","FRC","Frontera Comalapa","Frontera Comalapa","CHP","--3-----","RQ","0607",,"1539N 09208W",
,"MX","FTZ","Fronteras","Fronteras","SON","--3-----","RL","0201",,"3053N 10934W",
,"MX","GLN","Galeana","Galeana","NLE","--3-----","RL","1701",,"2450N 10004W",
,"MX","GNL","Garcia","Garcia","NLE","--3-----","RL","1407",,"2549N 10035W",""
,"MX","GGA","Garza García","Garza Garcia","NLE","-23-----","RL","0407",,"2540N 10024W",
,"MX","GEN","General Cepeda","General Cepeda","COA","--3-----","RL","1301",,"2523N 10127W",
,"MX","GES","General Escobedo","General Escobedo","NLE","--3-----","RL","1401",,"2547N 10009W",
,"MX","GET","General Terán","General Teran","NLE","1-3-----","RL","0307",,"2516N 09941W",
,"MX","GSC","Golfo de Santa Clara","Golfo de Santa Clara","SON","--3-----","RL","0901",,"3141N 11429W",
,"MX","GMF","Gómez Farías","Gomez Farias","JAL","--3-----","RL","1301",,"1947N 10329W",
,"MX","GMP","Gómez Palacio","Gomez Palacio","DUR","--3-----","RL","0212",,"2545N 10330W",
,"MX","GNS","Gonzáles","Gonzales","TAM","--3-----","RL","1407",,"2250N 09826W",
,"MX","GON","González","Gonzalez","TAM","-----6--","RL","1201",,"2248N 09941W",
,"MX","GRA","Granjas","Granjas","GUA","1----6--","RL","0901",,"2111N 10145W",
,"MX","GDL","Guadalajara","Guadalajara","JAL","---4----","AI","9601",,,
,"MX","GLP","Guadalupe","Guadalupe","NLE","--3-----","RL","0207",,"2540N 10015W",
,"MX","GVI","Guadalupe Victoria","Guadalupe Victoria","DUR","--3-----","RL","1301",,"2426N 10407W",
,"MX","GUL","Guamúchil","Guamuchil","SIN","-----6--","RL","1201",,"2528N 10806W",
,"MX","GUV","Guanacevi","Guanacevi","DUR","--3-----","RQ","0607",,"2556N 10556W",
,"MX","GUA","Guanajuato","Guanajuato","GUA","--3-----","RL","0212",,"2101N 10115W",
,"MX","GSV","Guasave","Guasave","SIN","1-3--6--","RL","0307",,"2534N 10827W",
,"MX","GYA","Guayabitos","Guayabitos","NAY","--3-----","RL","1301",,"2121N 10508W",
,"MX","GYM","Guaymas","Guaymas","SON","1--4----","AI","0907",,"2755N 11053W",""
,"MX","GZP","Guazapares","Guazapares","CHH","--3-----","RL","1707",,"2722N 10815W",
,"MX","GUB","Guerrero Negro","Guerrero Negro",,"---4----","AI","0001",,,
,"MX","GMA","Gustavo A. Madero","Gustavo A. Madero",,"--3-----","RL","1301",,"1928N 09905W",
,"MX","HMO","Hermosillo","Hermosillo","SON","---4----","AI","9601",,,
,"MX","HEA","Heroica Caborca","Heroica Caborca","SON","--3-----","RL","1707",,"3043N 11209W",
,"MX","HZR","Heroica Zitacuaro","Heroica Zitacuaro","MIC","--3-----","RL","1207",,"1924N 10022W",
,"MX","HDG","Hidalgo","Hidalgo","CAM","--3-----","RL","0307",,"1904N 09053W",
,"MX","HDL","Hidalgo","Hidalgo","NLE","--3-----","RL","2001",,"2559N 10026W",
,"MX","HGO","Hidalgo","Hidalgo","TAM","-23-----","RL","1407",,"2603N 09812W",
,"MX","HDP","Hidalgo del Parral","Hidalgo del Parral","CHH","--3-----","RL","0901",,"2656N 10540W",
,"MX","HOP","Hopelchen","Hopelchen","CAM","--3-----","RL","0901",,"1946N 08951W",
,"MX","HJP","Huajuapan","Huajuapan","OAX","--3-----","RQ","0607",,"1748N 09747W",
,"MX","HAU","Huamantla","Huamantla","TLA","-23-----","RL","0401",,"1919N 09756W",
,"MX","HUA","Huatabampo","Huatabampo","SON","--3-----","RL","0212",,"2650N 10938W",
,"MX","HTO","Huatulco (Santa María Huatulco)","Huatulco (Santa Maria Huatulco)","OAX","1-3-----","AI","0907",,"1550N 09619W",""
,"MX","HDC","Huatusco de Chicuellar","Huatusco de Chicuellar","VER","--3-----","RL","1301",,"1909N 09657W",
,"MX","HUO","Huauchinango","Huauchinango","PUE","--3-----","RL","1301",,"2011N 09803W",
,"MX","HYC","Huayacocotla","Huayacocotla","VER","--3-----","RQ","0607",,"2034N 09829W",
,"MX","HZC","Huazulco","Huazulco","MOR","--3-----","RL","1301",,"1845N 09846W",
,"MX","HHL","Huehuetlan","Huehuetlan","SLP","--3-----","RQ","0901",,"2134N 09858W",
,"MX","HHA","Huehuetoca","Huehuetoca","HID","--3-----","RL","1601",,"1950N 09912W",
,"MX","HUH","Huehuetoca","Huehuetoca","MEX","--3-----","RL","1607",,"1950N 09912W",
,"MX","HUE","Huehuetoca","Huehuetoca","ZAC","--3-----","RL","0101",,"2301N 10130W",
,"MX","HJZ","Huejotzingo","Huejotzingo","PUE","--3-----","RQ","0607",,"1910N 09824W",
,"MX","HUJ","Huejutla de Reyes","Huejutla de Reyes","HID","--3-----","RQ","0607",,"2107N 09825W",
,"MX","HUT","Huetamo","Huetamo","MIC","--3-----","RQ","0607",,"1837N 10054W",
,"MX","HPA","Huichapan","Huichapan","HID","--3-----","RL","1301",,"2023N 09939W",
,"MX","HHY","Huichihuayan","Huichihuayan","SLP","--3-----","RQ","0901",,"2130N 09857W",
,"MX","HUP","Huiloapan","Huiloapan","VER","--3-----","RL","1707",,"1849N 09709W",
,"MX","HUI","Huimanguillo","Huimanguillo","TAB","--3-----","RQ","0607",,"1751N 09323W",
,"MX","HXC","Huixquilucan","Huixquilucan","MEX","--3-----","RL","1601",,"1921N 09921W",
,"MX","HXD","Huixquilucan de Degollado","Huixquilucan de Degollado","MEX","-23-----","RL","0601",,"1921N 09922W",
,"MX","HUN","Hunucmá","Hunucma","YUC","1-------","RL","1407",,"2055N 08948W",
,"MX","IGU","Iguala","Iguala","GRO","--3-----","RL","0701",,"1751N 10022W",
,"MX","IIG","Iguala de la Independencia","Iguala de la Independencia","GRO","-----6--","RL","1807",,"1821N 09932W",
,"MX","IMU","Imuris","Imuris","SON","--3--6--","RQ","0607",,"3047N 11051W",
,"MX","IRP","Irapuato","Irapuato","GUA","--3-----","RL","0101",,"2040N 10121W",
,"MX","IRI","Irimbo","Irimbo","MIC","--3-----","RL","1707",,"1942N 10028W",
,"MX","ISL","Isla","Isla","VER","--3-----","RL","0701",,"1802N 09531W",""
,"MX","ISD","Isla Cedros","Isla Cedros","BCN","--3-----","RL","0201",,"2811N 11513W",
,"MX","ISJ","Isla Mujeres","Isla Mujeres","ROO","1--4----","AI","9601",,,
,"MX","SMI","Isla San Marcos","Isla San Marcos","BCS","1-------","RL","0501","","2713N 11206W",""
,"MX","NLE","Iturbide","Iturbide","NLE","--3-----","RL","1601",,"2443N 09954W",
,"MX","AC3","Ixhuatepec","Ixhuatepec","VER","--3-----","RL","1207",,"1752N 09437W",
,"MX","IST","Ixhuatlan del Sureste","Ixhuatlan del Sureste","VER","-----6--","RL","1201",,"1801N 09423W",
,"MX","IXM","Ixmiquilpan","Ixmiquilpan","HID","--3-----","RQ","0607",,"2029N 09913W",
,"MX","IMM","Ixtacuixtla de Mariano Matamoros","Ixtacuixtla de Mariano Matamoros","TLA","--3-----","RL","1607",,"1919N 09823W",
,"MX","IA2","Ixtaczoquitlán","Ixtaczoquitlan","VER","--3-----","RL","1607",,"1851N 09704W",
,"MX","ZIH","Ixtapa/Zihuatanejo","Ixtapa/Zihuatanejo","GRO","1--4----","AI","0907",,"1740N 10139W",""
,"MX","ZIP","Ixtapaluca","Ixtapaluca","MEX","1-3--6--","RL","0307",,"1917N 09833W",
,"MX","IZT","Ixtepec","Ixtepec",,"---4----","AI","0001",,,
,"MX","XHC","Ixtlahuaca","Ixtlahuaca","MEX","--3-----","RL","1301",,"1934N 09946W",
,"MX","IR5","Ixtlahuaca de Rayon","Ixtlahuaca de Rayon","MEX","--3-----","RL","1501",,"1934N 09946W",
,"MX","QXT","Ixtlahuaca de Villada","Ixtlahuaca de Villada","MEX","--3-----","RL","1207",,"1854N 09943W",
,"MX","IXT","Ixtlahuacan","Ixtlahuacan","MEX","-23-----","RL","1601",,"1934N 09946W",
,"MX","JLM","Ixtlahuacan de los Membrillos","Ixtlahuacan de los Membrillos","JAL","-----6--","RQ","0907",,"2021N 10311W",
,"MX","LCO","Iztacalco","Iztacalco",,"-----6--","RL","0901",,"1923N 09905W",
,"MX","IZP","Iztapalapa","Iztapalapa","DIF","--3-----","RL","1307",,"1921N 09903W",""
,"MX","IS7","Izúcar de Matamoros","Izucar de Matamoros","PUE","--3-----","RL","1607",,"1836N 09828W",
,"MX","JCN","Jacona","Jacona","JAL","--3-----","RL","1301",,"2108N 10204W",
,"MX","JPR","Jacona de Plancarte","Jacona de Plancarte","MIC","--3-----","RL","0307",,"1957N 10216W",
,"MX","JAA","Jalacingo","Jalacingo","VER","--3--6--","RL","0407",,"1948N 09718W",
,"MX","JAL","Jalapa","Jalapa",,"--34----","AI","9601",,,
,"MX","JLC","Jalisco","Jalisco","DUR","--3--6--","RL","0401",,"2426N 10242W",
,"MX","JDR","Jalisco Del Refugio","Jalisco Del Refugio","JAL","--3-----","RL","1601",,"2159N 10313W",
,"MX","JAO","Jalostotitlan","Jalostotitlan","JAL","--3-----","RQ","0607",,"2110N 10228W",
,"MX","JLP","Jaltepec","Jaltepec","MEX","-2---6--","RL","1301",,"1944N 09838W",
,"MX","JDP","Jaral del Progreso","Jaral del Progreso","GUA","--3-----","RQ","0607",,"2021N 10104W",
,"MX","JU2","Jaumave","Jaumave","TAM","--3-----","RL","1207",,"2325N 09923W",
,"MX","JZA","Jerez","Jerez","ZAC","1-------","RQ","0901",,,
,"MX","JES","Jesus Maria","Jesus Maria","AGU","-----6--","RL","1801",,"2158N 10221W",
,"MX","JSM","Jesús María","Jesus Maria","JAL","--3-----","RL","1201",,"2104N 10241W",
,"MX","JIL","Jilotepec","Jilotepec","MEX","-----6--","RL","1107",,,
,"MX","JTP","Jilotepec","Jilotepec","OAX","--3-----","RL","0201",,"1638N 09546W",
,"MX","JPC","Jilotepec","Jilotepec","PUE","--3-----","RL","0207",,"1949N 09735W",
,"MX","JTC","Jilotepec de Abasolo","Jilotepec de Abasolo","MEX","--3-----","RL","1301",,"1957N 09932W",
,"MX","JDD","Jilotlan de los Dolores","Jilotlan de los Dolores","JAL","-----6--","RQ","1007",,"1911N 10313W",
,"MX","JIZ","Jilotzingo","Jilotzingo","MEX","--3-----","RL","1607",,"1924N 09914W",
,"MX","JMN","Jiménez","Jimenez","CHH","1----6--","RL","1201",,"2820N 10524W",
,"MX","JIQ","Jiquilpan de Juarez","Jiquilpan de Juarez","MIC","-----6--","RL","1107",,"1959N 10243W",
,"MX","JIU","Jiutepec (Temixco)","Jiutepec (Temixco)","MOR","--3-----","RL","0501",,"1851N 09914W",""
,"MX","PCJ","Jocotepec","Jocotepec","JAL","--3-----","RL","1607",,"2018N 10326W",
,"MX","JOC","Jocotitlan","Jocotitlan","MEX","--3-----","RL","1301",,"1942N 09947W",
,"MX","JOJ","Jojutla","Jojutla","MOR","-----6--","RL","1201",,"1836N 09911W",
,"MX","JOL","Jolalpan","Jolalpan","PUE","--3-----","RL","0901",,"1820N 09851W",
,"MX","JAZ","Jose Azueta","Jose Azueta","VER","-23-----","RL","1501",,"1840N 09542W",
,"MX","JRC","Juan Rodriguez Clara","Juan Rodriguez Clara","VER","--3-----","RQ","0901",,"1759N 09524W",
,"MX","JUL","Juanacatlán","Juanacatlan","JAL","--3-----","RL","1301",,"2031N 10310W",
,"MX","JRZ","Juarez","Juarez",,"--3-----","RQ","9501",,,
,"MX","JUZ","Juarez","Juarez","CHH","--3-----","RQ","0607",,"3018N 10804W",
,"MX","JUP","Juchipila","Juchipila","ZAC","--3-----","RQ","0607",,"2124N 10307W",
,"MX","JDZ","Juchitán de Zaragoza","Juchitan de Zaragoza","OAX","1-3-----","RL","1401",,"1626N 09501W",
,"MX","JUC","Juchitepec","Juchitepec","MEX","--3-----","RL","1707",,"1905N 09852W",
,"MX","LSN","La Ascención","La Ascencion","NLE","--3-----","RL","1301",,"2419N 09954W",
,"MX","LBR","La Barca","La Barca","JAL","--3-----","RL","1301",,"2017N 10234W",
,"MX","COF","La Cofradía","La Cofradia","JAL","--3-----","RL","1301",,"1946N 10308W",
,"MX","LCZ","La Cruz","La Cruz","SIN","--3-----","RL","0901",,"2355N 10654W",
,"MX","LAE","La Estancia","La Estancia","GUA","--3-----","RL","0901",,"2107N 10125W",
,"MX","LAH","La Huacana","La Huacana","MIC","--3-----","RL","1407",,"1858N 10148W",
,"MX","LAP","La Paz","La Paz","BCS","1-34----","AI","1401",,"2408N 11018W",""
,"MX","PID","La Piedad","La Piedad","MIC","--3-----","RL","1801",,"2020N 10201W",
,"MX","LPC","La Piedad de Cabadas","La Piedad de Cabadas","MIC","-23-----","RL","0501",,"2021N 10200W",
,"MX","LPU","La Purísima","La Purisima","GUA","--3--6--","RL","1901",,"2106N 10101W",
,"MX","EXL","La Tinaja","La Tinaja","VER","--3-----","RL","1601",,"2117N 09736W",
,"MX","TRI","La Trinitaria","La Trinitaria","CHP","--3-----","RL","1301",,"1607N 09203W",
,"MX","LTJ","La Troje","La Troje","AGU","1----6--","RL","1201",,"2146N 10232W",
,"MX","LOM","Lagos de Moreno","Lagos de Moreno",,"---4----","AI","0001",,,
,"MX","LDR","Laguna del Rey","Laguna del Rey","COA","--3-----","RL","1601",,"2659N 10327W",
,"MX","LPZ","Lampazos","Lampazos","NLE","-23-----","RL","1401",,"2453N 09932W",
,"MX","LDN","Lampazos de Naranjo","Lampazos de Naranjo","NLE","--3-----","RL","0901",,"2701N 10031W",
,"MX","SOO","Las Norias","Las Norias","SON","--3-----","RL","1607",,"2655N 10910W",
,"MX","LZC","Lázaro Cárdenas","Lazaro Cardenas","MIC","1-------","AI","0212",,"1757N 10211W",
,"MX","LEN","Léon","Leon","GUA","---4----","RL","0212","BJX","2107N 10140W",
,"MX","LER","Lerma","Lerma","BCN","--3-----","RL","0701",,"3206N 11507W",""
,"MX","LDV","Lerma de Villada","Lerma de Villada","MEX","--3-----","RL","1207",,"1917N 09930W",
,"MX","LIB","Libres","Libres","PUE","--3-----","RL","0901",,"1928N 09741W",
,"MX","LIN","Linares","Linares","NLE","-23-----","RL","0101",,"2451N 09934W",
,"MX","LDC","Llera de Canales","Llera de Canales","TAM","--3-----","RQ","0607",,"2319N 09900W",
,"MX","LOL","Lolotla","Lolotla","HID","--3-----","RL","1601",,"2051N 09843W",
,"MX","LOB","Loma Bonita","Loma Bonita","OAX","--3-----","RQ","0607",,"1806N 09553W",
,"MX","LC2","Lomas de Chapultepec","Lomas de Chapultepec","MEX","--3-----","RL","1607",,"1925N 09913W",
,"MX","CIM","Lombardía","Lombardia","MIC","--3-----","RL","1607",,"1910N 10158W",
,"MX","LOP","Lopez Mateos","Lopez Mateos","MEX","--3-----","RQ","1707",,"1941N 10458W",""
,"MX","LTO","Loreto","Loreto",,"1--4----","AI","0907",,"2601N 11237W",""
,"MX","LRO","Loreto","Loreto","BCS","--3-----","RQ","0901",,"2601N 11121W",
,"MX","LCB","Los Cabos","Los Cabos","BCS","--3-----","RQ","0901",,"2252N 10954W",
,"MX","LMM","Los Mochis","Los Mochis",,"---4----","AI","0001",,,
,"MX","LRY","Los Reyes","Los Reyes","MEX","--3-----","RL","1301",,"1921N 09858W",
,"MX","LRE","Los Reyes","Los Reyes","VER","--3-----","RL","0407",,"1839N 09702W",
,"MX","LUM","Luis Moya","Luis Moya","ZAC","--3-----","RQ","0607",,"2226N 10214W",
,"MX","MAD","Madera","Madera","CHH","--3-----","RL","1301",,"2912N 10807W",
,"MX","MDA","Magdalena","Magdalena","JAL","--3-----","RQ","0607",,"2054N 10358W",
,"MX","MDK","Magdalena de Kino","Magdalena de Kino","SON","-23-----","RL","0407",,"3038N 11057W",
,"MX","MHT","Magdalena/Hostotipaquillo","Magdalena/Hostotipaquillo","JAL","1----6--","RL","0901",,"2055N 10357W",
,"MX","MAR","Mahahual","Mahahual","ROO","--3-----","RL","1601",,"1842N 08742W",
,"MX","MDB","Manuel Doblado","Manuel Doblado","GUA","--3-5---","RL","1401",,"2043N 10157W",
,"MX","ZLO","Manzanillo","Manzanillo","COL","1-34----","AI","1401",,"1903N 10418W",""
,"MX","MPP","Mapastepec","Mapastepec","CHP","--3-----","RL","0901",,"1526N 09254W",
,"MX","MAV","Maravatio","Maravatio","MIC","--3-----","RL","0901",,"1954N 10027W",
,"MX","MSC","Mariscala","Mariscala","OAX","--3-----","RQ","0607",,"1752N 09808W",
,"MX","MLT","Martínez de La Torre","Martinez de La Torre","VER","--3-----","RL","0212",,"2004N 09703W",
,"MX","MCA","Mascota","Mascota","JAL","--3-----","RL","0901",,"2031N 10447W",
,"MX","MMA","Matamoros","Matamoros","COA","--3-----","RL","1707",,"2531N 10313W",""
,"MX","MAM","Matamoros","Matamoros","TAM","--34----","AI","0401",,"2553N 09730W",
,"MX","M6N","Matatlán","Matatlan","JAL","--3-----","RL","1607",,"2043N 10310W",
,"MX","MTE","Matehuala","Matehuala","SLP","--3-----","RL","0101",,"2339N 10038W",
,"MX","MTR","Matias Romero","Matias Romero","OAX","--3-----","RQ","0607",,"1653N 09501W",
,"MX","MAZ","Mazamitla","Mazamitla","JAL","1-3-----","RL","1401",,"1955N 10302W",
,"MX","MZT","Mazatlan","Mazatlan","SIN","1--4----","AI","0907",,"2324N 10624W",""
,"MX","MEM","Melchor Muzquiz","Melchor Muzquiz","COA","--3-----","RQ","0607",,"2922N 10250W",
,"MX","MQI","Meoqui","Meoqui","CHH","--3-----","RL","1607",,"2817N 10529W",
,"MX","MID","Mérida","Merida","YUC","1--4----","AI","0212",,"2058N 08937W",
,"MX","MPC","Metepec","Metepec","MEX","--3-----","RL","0601",,"1915N 09937W",
,"MX","MXL","Mexicali","Mexicali","BCN","-234----","AI","0401",,"3239N 11528W",
,"MX","MDC","Mexquitic de Carmona","Mexquitic de Carmona","SLP","--3-----","RL","1707",,"2216N 10107W",
,"MX","MEZ","Mezquital","Mezquital","NLE","--3-----","RQ","0607",,"2409N 09946W",
,"MX","MTL","Miacatlan","Miacatlan","MOR","-----6--","RQ","1001",,"1846N 09922W",
,"MX","MCN","Michacan","Michacan","MIC","--3-----","RQ","0307",,"1911N 10152W",
,"MX","MIC","Michoacán","Michoacan","TAB","--3-----","RL","0307",,"1755N 09353W",
,"MX","MGL","Miguel Alemán","Miguel Aleman","SON","--3-----","RL","1407",,"2851N 11129W",
,"MX","MHI","Miguel Hidalgo","Miguel Hidalgo","MEX","--3-----","RL","1301",,"1925N 09912W",
,"MX","MPA","Milpa Alta","Milpa Alta","DIF","--3-----","RL","1601",,"1911N 09901W",
,"MX","MTT","Minatitlan","Minatitlan","VER","1--4----","AI","9601",,,
,"MX","MDR","Mineral de la Reforma","Mineral de la Reforma","HID","--3-----","RL","1407",,"2009N 09826W",
,"MX","MIR","Miramar","Miramar","TAM","--3-----","RQ","0607",,"2220N 09752W",
,"MX","MSL","Misantla","Misantla","VER","--3-----","RL","1501",,"1656N 09650W",
,"MX","MXQ","Mixquiahuala","Mixquiahuala","HID","--3-----","RL","1601",,"2014N 09913W",
,"MX","MOL","Molango","Molango","HID","--3-----","RQ","0607",,"2048N 09843W",
,"MX","LOV","Monclova","Monclova","COA","--34----","AI","1101",,"2654N 10125W",""
,"MX","MTM","Montemorelos","Montemorelos","NLE","--3-----","RL","0101",,"2511N 09950W",
,"MX","TTE","Monterrey","Monterrey","CHP","--3-----","RL","1207",,"1605N 09323W",
,"MX","MTY","Monterrey","Monterrey","NLE","--34----","AI","1401",,,""
,"MX","MLM","Morelia","Morelia","MIC","--34----","AI","0212",,"1942N 10107W",
,"MX","MRS","Moris","Moris","CHH","--3-----","RL","1601",,"2808N 10832W",
,"MX","MOR","Moroleón","Moroleon","GUA","--3--6--","RL","0501",,"2008N 10112W",
,"MX","MRE","Morro Redondo","Morro Redondo",,"1-------","RQ","9506",,,
,"MX","MDF","Motul de Felipe Carrillo Puerto","Motul de Felipe Carrillo Puerto","YUC","--3-----","RL","0201",,"2106N 08917W",
,"MX","MUG","Mulegé","Mulege","BCS","---4----","AI","1101",,"2653N 11159W",""
,"MX","NAC","Nacajuca","Nacajuca","TAB","--3-----","RL","1301",,"1808N 09301W",
,"MX","NDG","Nacozari de Garcia","Nacozari de Garcia",,"--3-----","RL","9901",,,
,"MX","NAN","Nanchital","Nanchital",,"1-------","RQ","9506",,,
,"MX","NAO","Naolinco","Naolinco","VER","-----6--","RL","1801",,"1939N 09651W",
,"MX","NOL","Nápoles","Napoles","HID","--3-----","RL","1301",,"2003N 09911W",
,"MX","NAL","Naucalpan","Naucalpan","MEX","--3-----","RL","1707",,"1928N 09914W",
,"MX","NDJ","Naucalpan de Juárez","Naucalpan de Juarez","MEX","--3-----","RL","0212",,"1929N 09914W",
,"MX","NAU","Nautla","Nautla","VER","1-------","RL","0212",,"2013N 09647W",
,"MX","NVA","Nava","Nava","COA","--3-----","RQ","0907",,"2825N 10046W",
,"MX","NVS","Navojoa","Navojoa","SON","--3-----","RL","0401",,"2706N 10926W",
,"MX","NVO","Navolato","Navolato","SIN","--3-----","RQ","0901",,"2445N 10741W",
,"MX","NAY","Nayarit","Nayarit","NAY","--3-----","RL","2001",,"2139N 10632W",
,"MX","SAN","Nextlalpan","Nextlalpan","MEX","--3-----","RQ","0607",,"1944N 09904W",
,"MX","NHY","Nezahualcóyotl","Nezahualcoyotl","MEX","-23--6--","RL","0601",,"1925N 09902W",
,"MX","NRO","Nicolas Romero","Nicolas Romero","MEX","--3-----","RL","1301",,"1937N 09918W",
,"MX","NOG","Nogales","Nogales","SON","-234----","AI","9601",,,
,"MX","ROO","Noh-Bec","Noh-Bec","ROO","--3-----","RL","1307",,"1905N 08811W",
,"MX","NNA","Nonoalco","Nonoalco","HID","--3--6--","RQ","1001",,"2005N 09806W",
,"MX","NOP","Nopala","Nopala","HID","--3-----","RQ","0607",,"2015N 09939W",
,"MX","NPC","Nopalucan","Nopalucan","PUE","--3-----","RL","1301",,"1918N 09820W",
,"MX","NCG","Nueva Casas Grandes","Nueva Casas Grandes",,"---4----","AI","0001",,,
,"MX","NIR","Nueva Italia de Ruiz","Nueva Italia de Ruiz","MIC","--3-----","RL","0901",,"1901N 10206W",
,"MX","NUR","Nueva Rosita","Nueva Rosita","COA","--3-----","RQ","0607",,"2757N 10113W",
,"MX","NLD","Nuevo Laredo","Nuevo Laredo","TAM","-234----","AI","0401",,"2730N 09931W",
,"MX","NLN","Nuevo León","Nuevo Leon","CHP","--3-----","RL","1301",,"1638N 09233W",
,"MX","NUO","Nuevo Urecho","Nuevo Urecho","MIC","--3-----","RQ","0607",,"1909N 10151W",
,"MX","NUM","Numarán","Numaran","GUA","--3-----","RL","1707",,"2015N 10156W",
,"MX","OAX","Oaxaca","Oaxaca","OAX","---4----","AI","9601",,,
,"MX","OBJ","Obrajuelo","Obrajuelo","GUA","--3-----","RL","1301",,"2035N 10033W",
,"MX","OBR","Obregón","Obregon","SLP","1-3--6--","RL","0701",,"2215N 10116W",""
,"MX","OCS","Ocosingo","Ocosingo","CHP","--3-----","RL","0901",,"1654N 09202W",
,"MX","OCO","Ocotlan","Ocotlan","JAL","-234----","RL","0101",,"2020N 10246W",
,"MX","OYO","Ocoyoacac","Ocoyoacac","MEX","-23-----","RL","0307",,"1916N 09927W",
,"MX","OZA","Ocozocuautla","Ocozocuautla","CHP","--3-----","RL","1607",,"1646N 09322W",
,"MX","OJI","Ojinaga","Ojinaga","CHH","-23-----","QQ","8103",,,
,"MX","OJO","Ojo Caliente","Ojo Caliente","ZAC","--3-----","RL","1301",,"2234N 10215W",
,"MX","OJU","Ojuelos","Ojuelos","JAL","--3-----","RQ","0607",,"2111N 10243W",
,"MX","OME","Ometepec","Ometepec","GRO","--3-----","RQ","0607",,"1641N 09823W",
,"MX","ORL","Oriental","Oriental","TLA","--3-----","RL","1301",,"1922N 09737W",
,"MX","ORI","Orizaba","Orizaba","VER","--3-----","RL","9901",,,
,"MX","OT2","Ostuacán","Ostuacan","CHP","--3-----","RL","1607",,"1725N 09318W",
,"MX","OTU","Otumba","Otumba","MEX","--3-----","RL","1601",,"1942N 09845W",
,"MX","OXK","Oxkutzcab","Oxkutzcab","YUC","--3-----","RQ","0607",,"2018N 08925W",
,"MX","OZU","Ozumba","Ozumba","MEX","--3-----","RL","1607",,"1902N 09847W",
,"MX","PAC","Pachuca","Pachuca",,"--3-----","RQ","9501",,,
,"MX","PAJ","Pajaritos","Pajaritos","VER","1-------","RQ","0207",,"1807N 09423W",
,"MX","PQM","Palenque","Palenque",,"---4----","AI","0001",,,
,"MX","PNT","Panotla","Panotla","TLA","--3-----","RL","0901",,"1919N 09816W",
,"MX","PAN","Pantaco","Pantaco",,"0-------","RQ","9307",,,
,"MX","EDN","Papalotepec","Papalotepec","GRO","--3--6--","RL","1901",,"1745N 09937W",
,"MX","PAP","Papalotla","Papalotla","TLA","--3-----","RL","1301",,"1909N 09812W",
,"MX","PDX","Papalotla de Xicohténcatl","Papalotla de Xicohtencatl","TLA","--3-----","RL","1807",,"1910N 09812W",
,"MX","PPT","Papantla","Papantla","VER","-----6--","RL","1201",,"2026N 09719W",
,"MX","PAQ","Parácuaro","Paracuaro","MIC","--3-----","RL","1607",,"1910N 10208W",
,"MX","PRO","Paraiso","Paraiso","TAB","--3-----","RL","0901",,"1811N 09212W",
,"MX","PRS","Parras de la Fuente","Parras de la Fuente","COA","--3-----","RL","0212",,"2525N 10211W",
,"MX","PSO","Paso de Ovejas","Paso de Ovejas","VER","--3-----","RL","0701",,"1917N 09626W",
,"MX","PZO","Patzcuaro","Patzcuaro","MIC","--3-----","RQ","0607",,"1931N 10136W",
,"MX","OEO","Pedro Escobedo","Pedro Escobedo","QUE","--3-----","RL","1207",,"2030N 10008W",
,"MX","PJM","Penjamo","Penjamo","GUA","--3-----","RQ","0901",,"2026N 10144W",
,"MX","ZPN","Periban","Periban","MIC","-----6--","RL","0901",,"1933N 10224W",
,"MX","M5C","Periban De Ramos","Periban De Ramos","MIC","--3-----","RL","1601",,"1931N 10225W",
,"MX","PRT","Perote","Perote","VER","--3-----","RL","1301",,"1934N 09714W",
,"MX","PER","Perula","Perula","JAL","--3-----","RQ","0607",,"1935N 10507W",
,"MX","PQA","Pesqueria","Pesqueria",,"--3-----","RQ","9705",,,
,"MX","PIC","Pichilingue","Pichilingue","BCS","1-3-----","RL","0401",,"2418N 11019W",
,"MX","PU2","Pichucalco","Pichucalco","CHP","--3-----","RL","1701",,"1731N 09304W",
,"MX","PIE","Piedras Negras","Piedras Negras","COA","--3-----","RL","0212",,"2843N 10031W",
,"MX","PIJ","Pijijiapan","Pijijiapan","CHP","--3-----","RQ","0607",,"1540N 09313W",
,"MX","PLC","Pinoltepec","Pinoltepec","VER","--3-----","RL","1407",,"1926N 09645W",
,"MX","PIN","Pinos","Pinos","ZAC","--3-----","RL","2001",,"2218N 10134W",
,"MX","PNO","Pinotepa Nacional","Pinotepa Nacional",,"---4----","AI","0001",,,
,"MX","PLS","Platon Sanchez","Platon Sanchez","VER","--3-----","RQ","0607",,"2116N 09823W",
,"MX","PCM","Playa del Carmen","Playa del Carmen",,"1--4----","AI","0907",,"2037N 08704W",""
,"MX","LPY","Playa Linda","Playa Linda","VER","--3-----","RL","1801",,"1815N 09438W",
,"MX","PLO","Plomosas","Plomosas","CHH","--3-----","RQ","0607",,"2904N 10514W",
,"MX","PLM","Plomosas","Plomosas","HID","--3-----","RL","0901",,"2023N 09853W",
,"MX","PUH","Pochutla","Pochutla",,"---4----","AI","0001",,,
,"MX","PCA","Pochutla","Pochutla","GRO","--3-----","RL","0901",,"1820N 10141W",
,"MX","POO","Polanco","Polanco","DIF","--3-----","RL","1307",,"1925N 09911W",""
,"MX","OPT","Polotitlan","Polotitlan","MEX","--3-----","RL","1601",,"2013N 09948W",
,"MX","POM","Pomoca","Pomoca","TAB","--3-----","RL","0901",,"1734N 09238W",
,"MX","PTN","Poncitlan","Poncitlan","JAL","--3-----","RL","0701",,"2023N 10256W",
,"MX","PIB","Port Isabel","Port Isabel",,"1-------","RQ","9506",,,
,"MX","PAZ","Poza Rica","Poza Rica",,"---4----","AI","9601",,,
,"MX","PGO","Progreso","Progreso","YUC","1-------","AI","0907",,"2116N 08939W",""
,"MX","PDO","Progreso de Obregón","Progreso de Obregon","HID","--3-----","RL","1707",,"2015N 09911W",
,"MX","K6R","Puebla","Puebla","BCN","--3-----","RL","1501",,"3233N 11521W",
,"MX","PBC","Puebla","Puebla","PUE","--34----","AI","0212",,"1903N 09812W",
,"MX","PDI","Puente de Ixtla","Puente de Ixtla","MOR","--3-----","RL","1207",,"1837N 09918W",
,"MX","PNA","Puente Nacional","Puente Nacional","VER","--3-----","RL","1301",,"1920N 09626W",
,"MX","PTA","Puerta","Puerta","SIN","1-3--6--","RL","0701",,"2322N 10620W",""
,"MX","PNG","Puerto Ángel","Puerto Angel","OAX","1-3--6--","RL","0307",,"1540N 09629W",
,"MX","COM","Puerto Costa Maya","Puerto Costa Maya","ROO","--3-----","RL","1501",,"1842N 08742W",
,"MX","PXM","Puerto Escondido","Puerto Escondido",,"---4----","AI","0001",,,
,"MX","PES","Puerto Escondido","Puerto Escondido","BCS","--3-----","RL","1101",,"2549N 11119W",""
,"MX","9PI","Puerto Interior Leon","Puerto Interior Leon","GUA","-----6--","RL","1601",,"2056N 10255W",
,"MX","PJZ","Puerto Juárez","Puerto Juarez",,"---4----","AI","0212",,"2111N 08649W",
,"MX","PUL","Puerto Libertad","Puerto Libertad","SON","1-3-----","RL","2101",,"2954N 11240W",""
,"MX","PMD","Puerto Madero","Puerto Madero","CHP","1-3-----","AI","0907",,"1443N 09225W",""
,"MX","PMX","Puérto Mexico","Puerto Mexico","VER","1-------","QQ","8103",,,
,"MX","PMS","Puerto Morelos","Puerto Morelos","ROO","1-3-----","RL","0212",,"2050N 08652W",
,"MX","PPE","Puerto Peñasco","Puerto Penasco","SON","1--4----","AI","9601",,,
,"MX","PRC","Puerto Rico","Puerto Rico","CHP","--3-----","RL","1101",,"1633N 09153W",""
,"MX","PVR","Puerto Vallarta","Puerto Vallarta","JAL","1--4----","AI","0907",,"2036N 10513W",""
,"MX","PBJ","Punta Baja","Punta Baja","BCN","1-3--6--","RL","0701",,"2958N 11549W",""
,"MX","PCV","Punta Chivato","Punta Chivato",,"---4----","AI","0001",,,
,"MX","PUC","Punta Colonet","Punta Colonet","BCN","--3-----","RL","0901",,"3104N 11612W",
,"MX","PCO","Punta Colorada","Punta Colorada",,"---4----","AI","0001",,,
,"MX","ZPA","Punta de Mita","Punta de Mita","NAY","-----6--","RL","0901",,"2046N 10531W",
,"MX","PVN","Punta Venado","Punta Venado","ROO","1-------","RL","0407",,"2032N 08709W",
,"MX","PPR","Purépero","Purepero","MIC","--3-----","RL","1301",,"1955N 10201W",
,"MX","PDB","Purisima de Bustos","Purisima de Bustos","GUA","--3-----","RQ","0607",,"2103N 10152W",
,"MX","PDR","Purisima del Rincon","Purisima del Rincon","GUA","--3-----","RQ","0901",,"2101N 10153W",
,"MX","PMR","Purísima del Rincón","Purisima del Rincon","GUA","--3-----","RL","1301",,"2102N 10152W",
,"MX","PUT","Putla de Guerrero","Putla de Guerrero","OAX","--3-----","RL","0901",,"1702N 09756W",
,"MX","QUP","Quecholac","Quecholac","PUE","--3-----","RL","0307",,"1857N 09740W",
,"MX","QRO","Querétaro","Queretaro","QUE","--34----","AI","0212",,"2036N 10024W",
,"MX","QUI","Quiroga","Quiroga","MIC","--3-----","RL","1707",,"1940N 10132W",
,"MX","RBG","Rabon Grande/Coatzacoalcos","Rabon Grande/Coatzacoalcos","VER","1-3--6--","RL","0701",,"1813N 09424W",""
,"MX","RMA","Ramos Arizpe","Ramos Arizpe","COA","--3-----","RL","0212",,"2533N 10058W",
,"MX","RAY","Rayon","Rayon","SON","--3-----","RL","0901",,"2943N 11035W",
,"MX","REX","Reynosa","Reynosa","TAM","-234----","AI","0401",,"2605N 09817W",
,"MX","RDR","Rincon de Romos","Rincon de Romos","AGU","--3-----","RQ","0901",,"2213N 10219W",
,"MX","RBL","Río Blanco","Rio Blanco","VER","--3--6--","RL","1607",,"1850N 09709W",""
,"MX","RDO","Rio de Ocampo","Rio de Ocampo","CHH","--3-----","RQ","0607",,"2758N 10836W",
,"MX","RIV","Rio Verde","Rio Verde","SLP","--3-----","RL","0901",,"2156N 09959W",
,"MX","ROD","Rodeo","Rodeo","DUR","--3-----","RQ","0901",,"2510N 10433W",
,"MX","RMT","Romita","Romita","GUA","--3-----","RL","0901",,"2052N 10131W",
,"MX","ROS","Rosamorada","Rosamorada","NAY","--3-----","RL","1707",,"2207N 10512W",
,"MX","RSR","Rosario","Rosario","SIN","--3-----","RQ","0607",,"2259N 10551W",
,"MX","ZRO","Rosarito","Rosarito","BCN","-----6--","RL","1307",,"3220N 11702W",""
,"MX","RST","Rosarito Terminal","Rosarito Terminal","BCN","1-------","AI","1307",,"3220N 11706W",""
,"MX","SAB","Sabancuy","Sabancuy","CAM","--3-----","RL","2001",,"1858N 09111W",
,"MX","SBN","Sabinas","Sabinas","COA","-23-----","RL","0507",,"2751N 10107W",
,"MX","SHO","Sabinas Hidalgo","Sabinas Hidalgo","NLE","--3-----","RL","0701",,"2630N 10010W",""
,"MX","SAO","Sahuayo","Sahuayo","MIC","--3-----","RL","1501",,"2004N 10243W",
,"MX","SMC","Salamanca","Salamanca","GUA","--3-----","RL","0101",,"2034N 10111W",
,"MX","SCX","Salina Cruz","Salina Cruz","OAX","1--4----","AI","0907",,"1610N 09511W",""
,"MX","SAV","Salinas Victoria","Salinas Victoria","NLE","--3-----","RQ","1001",,"2557N 10017W",
,"MX","SLW","Saltillo","Saltillo","COA","--34----","AI","0212",,"2525N 10100W",
,"MX","SAL","Salvatierra","Salvatierra","GUA","--3-----","RL","0901",,"2013N 10053W",
,"MX","SYU","Samalayuca","Samalayuca","CHH","--3-----","RL","2001",,"3121N 10628W",
,"MX","SDJ","San Agustin de las Juntas","San Agustin de las Juntas","OAX","--3-----","RL","1601",,"1700N 09642W",
,"MX","AND","San Andrés Cholula","San Andres Cholula","PUE","--3-----","RL","1707",,"1903N 09818W",
,"MX","SAH","San Andres Huaxpaltepec","San Andres Huaxpaltepec","OAX","--3-----","RQ","0607",,"1619N 09756W",
,"MX","TIM","San Andres Timilpan","San Andres Timilpan","MEX","-----6--","RL","1107",,"1952N 09944W",
,"MX","SAX","San Andres Tuxtla","San Andres Tuxtla","VER","--3-----","RQ","0607",,"1826N 09513W",
,"MX","SAA","San Angel","San Angel","DIF","--3-----","RL","1307",,"1921N 09912W",""
,"MX","ZMK","San Antonio la Isla","San Antonio la Isla","MEX","-----6--","RL","0901",,"1909N 09934W",
,"MX","SBS","San Blas","San Blas","NAY","1-------","QQ","8103",,,
,"MX","SBA","San Buenaventura","San Buenaventura","COA","--3-----","RL","1707",,"2703N 10132W",
,"MX","SCR","San Carlos","San Carlos","BCS","1-------","AI","9401",,,
,"MX","SCY","San Carlos Yautepec","San Carlos Yautepec","OAX","--3-----","RL","1607",,"1630N 09606W",
,"MX","SCM","San Cosme","San Cosme","BCS","--3-----","RL","0201",,"2537N 11114W",
,"MX","CXC","San Cosme Xalostoc","San Cosme Xalostoc","TLA","--3-----","RQ","0901",,"1923N 09802W",
,"MX","SCB","San Cristobal de la Barranca","San Cristobal de la Barranca","JAL","--3-----","RQ","0607",,"2103N 10326W",
,"MX","SZT","San Cristóbal de las Casas","San Cristobal de las Casas",,"---4----","AI","1101",,,""
,"MX","SDG","San Diego","San Diego","PUE","--3-----","RL","1301",,"2028N 09741W",
,"MX","SDU","San Diego de la Unión","San Diego de la Union","GUA","--3-----","RL","1701",,"2128N 10052W",
,"MX","SDO","San Dionisio Ocotepec","San Dionisio Ocotepec","OAX","--3-----","RL","1707",,"1648N 09624W",
,"MX","SFH","San Felipe","San Felipe","BCS","---4----","AI","9601",,,
,"MX","SFP","San Felipe del Progreso","San Felipe del Progreso","MEX","--3-----","RL","1307",,"1942N 09957W",
,"MX","SFO","San Felipe Orizatlan","San Felipe Orizatlan","HID","--3-----","RQ","0607",,"2111N 09837W",
,"MX","SFD","San Fernando","San Fernando","TAM","--3-----","RL","0901",,"2451N 09809W",
,"MX","SJF","San Francisco","San Francisco","OAX","--3-----","RL","1501",,"1623N 09407W",
,"MX","SFA","San Francisco de Asis","San Francisco de Asis","DUR","--3-----","RL","0901",,"2529N 10453W",
,"MX","SFS","San Francisco de los Romos","San Francisco de los Romos","AGU","--3-----","RQ","0607",,"2204N 10216W",
,"MX","SFR","San Francisco del Rincon","San Francisco del Rincon","GUA","--3-----","RL","0101",,"2101N 10151W",
,"MX","SFJ","San Francisco Javier","San Francisco Javier","COL","--3-----","RL","0901",,,
,"MX","SFL","San Francisco Lachigoló","San Francisco Lachigolo","OAX","--3-----","RL","1601",,"1701N 09636W",
,"MX","SGL","San Gabriel","San Gabriel","JAL","--3-----","RQ","0901",,"2101N 10301W",
,"MX","SGA","San Gregorio Atzompa","San Gregorio Atzompa","PUE","--3-----","RQ","0907",,"1902N 09820W",
,"MX","SGM","San Ignacio","San Ignacio",,"---4----","AI","0001",,,
,"MX","SIO","San Ignacio","San Ignacio","SIN","--3-----","RL","0901",,"2355N 10625W",
,"MX","LSR","San Ignacio Cerro Gordo","San Ignacio Cerro Gordo","JAL","--3-----","RL","2307",,"2044N 10231W",""
,"MX","T8Z","San Isidro Mazatepec","San Isidro Mazatepec","JAL","--3-----","RL","1607",,"2031N 10337W",
,"MX","SJH","San Jeronimo","San Jeronimo","CHH","-----6--","RL","1107",,,
,"MX","SJD","San Jose Cabo","San Jose Cabo",,"---4----","AI","0001",,,
,"MX","P7E","San José Chiapa","San Jose Chiapa","PUE","--3-----","RL","1407",,"1915N 09746W",
,"MX","ZMD","San Jose Chipila","San Jose Chipila","VER","-----6--","RL","0901",,"1917N 09636W",
,"MX","SJS","San José de Castillo","San Jose de Castillo","BCN","--3-----","RL","1301",,"3101N 11545W",
,"MX","SJG","San José de Gracias","San Jose de Gracias","MIC","--3-----","RL","1301",,"1959N 10301W",
,"MX","ZMI","San Jose del Cabo","San Jose del Cabo","BCS","-----6--","RL","0901",,"2303N 10941W",
,"MX","SCO","San José del Castillo","San Jose del Castillo","JAL","--3-----","RL","1301",,"2032N 10314W",
,"MX","SJI","San José Iturbide","San Jose Iturbide","GUA","--3-----","RL","0212",,"2100N 10023W",
,"MX","GUE","San José Vista Hermosa","San Jose Vista Hermosa","GRO","--3-----","RL","1607",,"1659N 09841W",
,"MX","MP6","San Juan Atzompan","San Juan Atzompan","PUE","--3-----","RL","1701",,"1844N 09801W",
,"MX","SJT","San Juan Bautista Tuxtepec","San Juan Bautista Tuxtepec","OAX","--3-----","RQ","0607",,"1805N 09607W",
,"MX","SJC","San Juan de la Costa","San Juan de la Costa",,"1-------","RQ","9506",,,
,"MX","SJL","San Juan de los Lagos","San Juan de los Lagos","JAL","--3-----","RL","0901",,"2115N 10218W",
,"MX","DSS","San Juan de Sabinas","San Juan de Sabinas","COA","--3-----","RL","0901",,"2755N 10118W",
,"MX","SJR","San Juan del Rio","San Juan del Rio",,"--3-----","RL","0101",,,
,"MX","SJO","San Juan Del Rio","San Juan Del Rio","QUE","--3-----","RQ","0901",,"2023N 10000W",
,"MX","SAS","San Juan Solis","San Juan Solis","HID","--3-----","RL","1707",,"2009N 09855W",
,"MX","TXP","San Juan Tuxtepec","San Juan Tuxtepec","MEX","--3-----","RL","0201",,"1951N 09938W",
,"MX","SAJ","San Juanito Escobedo","San Juanito Escobedo","JAL","--3-----","RL","1301",,"2043N 10305W",
,"MX","SLO","San Lorenzo","San Lorenzo",,"1-------","RQ","8103",,,
,"MX","SLU","San Luis de la Paz","San Luis de la Paz","GUA","--3-----","RL","0101",,"2117N 10031W",
,"MX","SLP","San Luis Potosí","San Luis Potosi","SLP","-234----","AI","0307",,"2209N 10059W",
,"MX","UAC","San Luis Río Colorado","San Luis Rio Colorado",,"---4----","AI","0212",,"3228N 11447W",
,"MX","PDP","San Martín de las Pirámides","San Martin de las Piramides","MEX","--3-----","RL","1601",,"1942N 09850W",
,"MX","SOB","San Martin Obispo","San Martin Obispo","MEX","--3-----","RL","1301",,"1931N 10004W",
,"MX","SMT","San Martin Texmelucan","San Martin Texmelucan","PUE","--3-----","RL","0101",,"1916N 09826W",
,"MX","SMA","San Mateo Atenco","San Mateo Atenco","MEX","--3-----","RL","0701",,"1915N 09932W",
,"MX","SMG","San Miguel de Allende","San Miguel de Allende","GUA","--3-----","RL","0101",,"2055N 10045W",
,"MX","SMH","San Miguel de Horcasitas","San Miguel de Horcasitas","SON","--3-----","RL","1707",,"2929N 11045W",
,"MX","SME","San Miguel el Alto","San Miguel el Alto","JAL","--3-----","RL","1707",,"2101N 10224W",
,"MX","SGX","San Miguel Xoxtla","San Miguel Xoxtla","PUE","1----6--","RL","1201",,"1911N 09818W",
,"MX","SND","San Nicolás de los Garza","San Nicolas de los Garza","NLE","-23-----","RL","0401",,"2545N 10018W",
,"MX","SNT","San Nicolás Tolentino","San Nicolas Tolentino","SLP","--3--6--","RL","0901",,"2215N 10035W",
,"MX","SPE","San Pablo Etla","San Pablo Etla","OAX","--3-----","RL","1601",,"1709N 09645W",
,"MX","ZML","San Pedro","San Pedro","CHH","-----6--","RL","0901",,"2545N 10258W",
,"MX","SPD","San Pedro","San Pedro","COA","--3-----","RL","0901",,"2757N 10123W",
,"MX","SPC","San Pedro Cholula","San Pedro Cholula","PUE","--3-----","RQ","1007",,"1904N 09818W",
,"MX","SPG","San Pedro Garza Garcia","San Pedro Garza Garcia","NLE","-----6--","RL","1107",,,
,"MX","SPL","San Pedro Izhuatepec","San Pedro Izhuatepec","PUE","--3-----","RL","1401",,"1847N 09837W",
,"MX","STP","San Pedro Tapanatepec","San Pedro Tapanatepec","OAX","--3-----","RQ","0607",,"1622N 09413W",
,"MX","SPT","San Pedro Totoltepec","San Pedro Totoltepec","MEX","-----6--","RL","1801",,"1918N 09934W",
,"MX","SNQ","San Quintin","San Quintin",,"---4----","AI","0001",,,
,"MX","SRF","San Rafael","San Rafael","VER","--3-----","RL","0901",,"2012N 09651W",
,"MX","SSA","San Salvador Atenco","San Salvador Atenco","MEX","--3-----","RL","1401",,"1931N 09855W",
,"MX","SSB","San Sebastian","San Sebastian","OAX","--3-----","RL","0901",,"1612N 09625W",
,"MX","SUN","San Tiburcio","San Tiburcio","ZAC","--3-----","RQ","0607",,"2408N 10128W",
,"MX","SN2","Santa Ana","Santa Ana","SON","1----6--","RL","1407",,"3011N 11031W",
,"MX","SA3","Santa Ana Chiautempan","Santa Ana Chiautempan","TLA","--3-----","RL","1501",,"1919N 09811W",
,"MX","STC","Santa Catarina","Santa Catarina","NLE","--3-----","RL","0101",,"2540N 10027W",
,"MX","SCA","Santa Clara","Santa Clara","MIC","--3-----","RQ","0607",,"1938N 10230W",
,"MX","SCL","Santa Clara","Santa Clara","YUC","--3-----","RL","0201",,"2121N 08900W",
,"MX","XLA","Santa Clara Coatitla","Santa Clara Coatitla","MEX","-----6--","RL","1107",,"1932N 09904W",
,"MX","SCC","Santa Clara del Cobre","Santa Clara del Cobre","MIC","--3-----","RQ","0607",,"1924N 10138W",
,"MX","SCN","Santa Cruz Acayucan","Santa Cruz Acayucan","DIF","--3-----","RL","1501",,"1929N 09912W",
,"MX","SCI","Santa Cruz Amilpas","Santa Cruz Amilpas","OAX","--3-----","RL","1707",,"1704N 09641W",
,"MX","SCF","Santa Cruz de las Flores","Santa Cruz de las Flores","JAL","-----6--","RL","1807",,"2032N 10319W",
,"MX","SAC","Santa Cruz Itundujia","Santa Cruz Itundujia","OAX","--3-----","RL","0901",,"1652N 09739W",
,"MX","SPA","Santa Cruz Papalutla","Santa Cruz Papalutla","OAX","--3-----","RL","1707",,"1657N 09635W",
,"MX","SCT","Santa Cruz Tecamac","Santa Cruz Tecamac","MEX","--3-----","RL","0207",,"1942N 09858W",
,"MX","TPX","Santa Cruz Tepexpan","Santa Cruz Tepexpan","MEX","1-3--6--","RL","0701",,"1934N 09942W",""
,"MX","SAF","Santa Fe","Santa Fe","DIF","--3-----","RQ","1307",,,""
,"MX","SIC","Santa Isabel Cholula","Santa Isabel Cholula","PUE","-----6--","RL","1801",,"1900N 09822W",
,"MX","SMX","Santa Maria Ixtulco","Santa Maria Ixtulco","TLA","--3-----","RL","0901",,"1925N 09819W",
,"MX","SMQ","Santa María Tequepexpan","Santa Maria Tequepexpan","JAL","--3-----","RL","1601",,"2036N 10324W",
,"MX","SRJ","Santa Rosa de Jáuregui","Santa Rosa de Jauregui","QUE","--3-----","RL","1301",,"2044N 10027W",""
,"MX","STR","Santa Rosa de Lima","Santa Rosa de Lima","GUA","--3-----","RL","1301",,"2023N 10043W",
,"MX","SRL","Santa Rosalia","Santa Rosalia","BCS","1-------","AI","9601",,,
,"MX","STT","Santa Teresa","Santa Teresa","NAY","1-3--6--","RL","0307",,"2228N 10444W",
,"MX","SQE","Santiago de Querétaro","Santiago de Queretaro","QUE","--3-----","RL","1301",,"2035N 10023W",
,"MX","SAM","Santiago Matatlan","Santiago Matatlan","OAX","--3-----","RL","1707",,"1652N 09623W",
,"MX","SAP","Santiago Papasquiaro","Santiago Papasquiaro","DUR","--3-----","RQ","0607",,"2502N 10525W",
,"MX","SGP","Santiago Tangamandapio","Santiago Tangamandapio","MIC","-----6--","RL","1801",,"1957N 10226W",
,"MX","STG","Santiago Tianguistenco de Galeana","Santiago Tianguistenco de Galeana","MEX","--3-----","RL","1407",,"1910N 09928W",
,"MX","STU","Santiago Tulantepec","Santiago Tulantepec","HID","--3-----","RL","1307",,"2002N 09821W",
,"MX","STX","Santiago Tuxtla","Santiago Tuxtla","VER","--3-----","RQ","0607",,"1827N 09518W",
,"MX","SAY","Santiago Yaveo","Santiago Yaveo","OAX","--3-----","RL","1707",,"1720N 09542W",
,"MX","SDT","Santo Domingo Tianguistengo","Santo Domingo Tianguistengo","OAX","--3-----","RL","1501",,"1816N 09747W",
,"MX","ZMA","Santo Tomas","Santo Tomas","BCS","-----6--","RL","0901",,"3131N 11640W",
,"MX","ST2","Santo Toribio Xicohtzingo","Santo Toribio Xicohtzingo","TLA","--3-----","RL","1407",,"1910N 09814W",
,"MX","ZSO","Saucillo","Saucillo","CHH","-----6--","RL","0901",,"2801N 10517W",
,"MX","9SY","Sayula","Sayula","JAL","--3-----","RL","1501",,"1952N 10337W",
,"MX","Y9S","Sayulita","Sayulita","NAY","--3-----","RL","1607",,"2052N 10526W",
,"MX","SEY","Seybaplaya","Seybaplaya","CAM","1-------","RL","1801",,"1939N 09042W",
,"MX","SIE","Sierra Mojada","Sierra Mojada","COA","--3-----","RL","0901",,"2717N 10342W",
,"MX","SIL","Silao","Silao","GUA","--3-----","RL","0201",,"2056N 10125W",
,"MX","SIJ","Simojovel de Allende","Simojovel de Allende","CHP","--3-----","RL","0901",,"1712N 09238W",
,"MX","SOC","Soconusco","Soconusco","CHP","--3-----","RL","1801",,"1519N 09244W",
,"MX","SGS","Soledad de Graciano Sánchez","Soledad de Graciano Sanchez","SLP","--3-----","RL","1707",,"2211N 10056W",
,"MX","SOL","Solidaridad","Solidaridad","ROO","-----6--","RL","1807",,"2037N 08705W",
,"MX","SOM","Sombrerete","Sombrerete","ZAC","--3-----","RL","0901",,"2338N 10339W",
,"MX","SNR","Sonora","Sonora","HID","--3-----","RL","1301",,"2016N 09814W",
,"MX","SON","Sonoyta","Sonoyta","SON","--3-----","RL","0212",,"3151N 11251W",
,"MX","SOT","Soto la Marina","Soto la Marina","TAM","--3-----","RL","0901",,"2346N 09813W",
,"MX","SCH","Suchiate","Suchiate","CHP","--3-----","RL","1301",,"1433N 09213W",
,"MX","TSC","Tabasco","Tabasco","ZAC","--3-----","RL","0901",,"2152N 10255W",
,"MX","TAC","Tacambaro","Tacambaro","MIC","--3-----","RQ","0607",,"2008N 10148W",
,"MX","TCP","Tacotalpa","Tacotalpa","TAB","--3-----","RL","1207",,"1736N 09249W",
,"MX","TAK","Takuntah","Takuntah",,"1-----7-","RQ","0907",,"1945N 09142W",
,"MX","TAL","Tala","Tala","JAL","--3-----","RL","1401",,"2040N 10342W",
,"MX","TMP","Tamaulipas","Tamaulipas","SIN","1-3--6--","RL","0701",,"2454N 10735W",""
,"MX","TMZ","Tamazula","Tamazula","JAL","--3-----","RQ","0607",,"2001N 10404W",
,"MX","TMS","Tamos","Tamos","VER","--3-----","RL","1707",,"2213N 09800W",
,"MX","TAM","Tampico","Tampico","TAM","1--4----","AI","0907",,"2215N 09752W",""
,"MX","TSL","Tamuín","Tamuin",,"---4----","AI","0212",,"2159N 09845W",
,"MX","TTR","Tancítaro","Tancitaro","MIC","--3-----","RL","1301",,"1920N 10222W",
,"MX","TAG","Tangancícuaro","Tangancicuaro","MEX","--3-----","RL","1601",,"1900N 10200W",
,"MX","TDA","Tangancícuaro de Arista","Tangancicuaro de Arista","MIC","--3-----","RL","1707",,"1954N 10208W",
,"MX","SW2","Tanhuato de Guerrero","Tanhuato de Guerrero","MIC","--3-----","RL","1407",,"2017N 10220W",
,"MX","TTY","Tantoyuca","Tantoyuca","VER","-----6--","RL","1201",,"2121N 09814W",
,"MX","TAP","Tapachula","Tapachula","CHP","---4----","AI","0401",,"1447N 09222W",
,"MX","TCH","Tapachulas","Tapachulas","CHP","--3-----","RL","1301",,"1454N 09216W",
,"MX","TAN","Taretán","Taretan","MIC","--3-----","RL","1707",,"1920N 10155W",
,"MX","TAR","Tarímbaro","Tarimbaro","MIC","--3-----","RL","1707",,"1947N 10108W",
,"MX","TXA","Taxco de Alarcón","Taxco de Alarcon","GRO","--3-----","RL","1607",,"1833N 09936W",
,"MX","TPA","Teapa","Teapa","TAB","--3-----","RQ","0901",,"1733N 09257W",
,"MX","TPV","Teapa","Teapa","VER","--3-----","RL","1301",,"1824N 09552W",
,"MX","TEI","Tecalitlán","Tecalitlan","JAL","--3-----","RL","1801",,"1928N 10318W",
,"MX","TCA","Tecamac","Tecamac","MEX","--3--6--","RL","0507",,"1944N 09858W",
,"MX","TEM","Tecamachalco","Tecamachalco","PUE","-23-----","RL","0701",,"1853N 09744W",
,"MX","TCT","Tecate","Tecate","BCN","--3-----","RL","0201",,"3234N 11638W",
,"MX","TEC","Tecolotlan","Tecolotlan","JAL","--3-----","RQ","0607",,"2010N 10403W",
,"MX","TCM","Tecomán","Tecoman","COL","-23-----","RL","0307",,"1855N 10353W",
,"MX","TDG","Tecpan de Geleana","Tecpan de Geleana","GRO","--3-----","RL","0901",,"1715N 10041W",
,"MX","TCU","Tecuala","Tecuala",,"1-------","RQ","8103",,,
,"MX","TCN","Tehuacán","Tehuacan",,"---4----","AI","0212",,"1827N 09723W",
,"MX","TXH","Telixtlahuaca","Telixtlahuaca","OAX","123--6--","RL","0307",,"1718N 09654W",
,"MX","TEL","Teloloapan","Teloloapan","GRO","--3-----","RQ","0607",,"1821N 09952W",
,"MX","TPH","Temapache","Temapache","VER","--3--6--","RL","0601",,"2104N 09738W",
,"MX","CZP","Temascalapa","Temascalapa","MEX","--3-----","RL","1601",,"1950N 09854W",
,"MX","TEN","Tenabó","Tenabo","CAM","1-------","RL","0212",,"2003N 09014W",
,"MX","TDT","Tenancingo","Tenancingo","MEX","--3-----","RL","1601",,"1858N 09936W",
,"MX","TDV","Tenango del Valle","Tenango del Valle","MEX","--3-----","RL","1301",,"1908N 09945W",
,"MX","TNP","Tenenexpan","Tenenexpan","VER","--3-----","RQ","0901",,"1908N 09623W",
,"MX","TSQ","Tenosique de Pino Suarez","Tenosique de Pino Suarez","TAB","--3-----","RL","0901",,"1729N 09126W",
,"MX","SLT","Teolocholco","Teolocholco","TLA","--3-----","RL","0201",,"1915N 09810W",
,"MX","TEO","Teoloyucan","Teoloyucan","MEX","-----6--","RL","0901",,"1944N 09911W",
,"MX","TEU","Teotihuacan","Teotihuacan","MEX","--3-----","RL","1401",,"1944N 09850W",
,"MX","TEV","Teotitlán del Valle","Teotitlan del Valle","OAX","--3-----","RL","1707",,"1702N 09630W",
,"MX","TDL","Tepanco de López","Tepanco de Lopez","PUE","-23-----","RL","0601",,"1834N 09733W",
,"MX","Z9T","Tepango de Rodríguez","Tepango de Rodriguez","PUE","--3-----","RL","1701",,"2000N 09749W",
,"MX","TEP","Tepatitlán de Morelos","Tepatitlan de Morelos","JAL","--3--6--","RL","0501",,"2049N 10244W",
,"MX","HTP","Tepeapulco","Tepeapulco","HID","--3-----","RL","1601",,"1947N 09833W",
,"MX","TPS","Tepehuanes","Tepehuanes","CHH","--3-----","RL","1601",,"2906N 10651W",
,"MX","TPR","Tepeji de Ocampo","Tepeji de Ocampo","HID","--3--6--","RL","0907",,"1954N 09921W",""
,"MX","TR2","Tepeji Del Rio","Tepeji Del Rio","HID","--3-----","RL","2001",,"1954N 09935W",
,"MX","TPJ","Tepeojuma","Tepeojuma","PUE","-----6--","RL","1801",,"1843N 09827W",
,"MX","TPT","Tepetlalco","Tepetlalco","PUE","--3--6--","RL","0601",,"1838N 09740W",
,"MX","TPW","Tepetlaoxtoc de Hidalgo","Tepetlaoxtoc de Hidalgo","MEX","--3-----","RL","1807",,"1934N 09849W",
,"MX","4TE","Tepetlixpac","Tepetlixpac","MEX","1----6--","RL","1407",,"1902N 09849W",
,"MX","TPG","Tepetzingo","Tepetzingo","MOR","--3-----","RL","1301",,"1846N 09911W",
,"MX","ZMG","Tepeyahualco","Tepeyahualco","PUE","-----6--","RL","0901",,"1848N 09753W",
,"MX","TPQ","Tepic","Tepic","NAY","--34----","AI","0212",,"2130N 10454W",
,"MX","TPZ","Tepotzotlán","Tepotzotlan","MEX","--3-----","RL","0212",,"1943N 09913W",
,"MX","MOT","Tepoztlan","Tepoztlan","MOR","--3-----","RL","1707",,"1859N 09905W",""
,"MX","TEQ","Tequila","Tequila","JAL","-23-----","RL","0101",,"2052N 10350W",
,"MX","TQQ","Tequisquiapan","Tequisquiapan","QUE","-23-----","RL","0307",,"2031N 09952W",
,"MX","CAR","Tequixquitla","Tequixquitla","TLA","--3-----","RL","0201",,"1919N 09738W",
,"MX","TST","Tesistan","Tesistan","JAL","-----6--","RQ","0901",,,
,"MX","TTL","Tetla","Tetla","TLA","--3-----","RQ","0607",,"1926N 09806W",
,"MX","TGO","Teul de Gonzalez Ortega","Teul de Gonzalez Ortega","ZAC","--3-----","RQ","0607",,"2129N 10325W",
,"MX","TXO","Texcoco","Texcoco","MEX","--3-----","RL","0212",,"1931N 09853W",
,"MX","TXM","Texcoco de Mora","Texcoco de Mora","MEX","--3-----","RQ","0901",,"1931N 09853W",
,"MX","TEZ","Teziutlan","Teziutlan","PUE","--3-----","RL","0901",,"1949N 09721W",
,"MX","TEA","Tezontepec de Aldama","Tezontepec de Aldama","HID","--3-----","RL","1707",,"1953N 09849W",
,"MX","TEY","Tezoyuca","Tezoyuca","MEX","--3-----","RL","1401",,"1935N 09855W",
,"MX","TGT","Tianguistenco","Tianguistenco","MEX","--3-----","RL","1301",,"1910N 09928W","Santiago Tianguistenco"
,"MX","TXC","Tiaxcala","Tiaxcala","TLA","1----6--","RQ","0901",,"1923N 09815W",
,"MX","TBC","Tierra Blanca","Tierra Blanca","VER","--3-----","RL","1207",,"1827N 09620W",
,"MX","THT","Tihuatlán","Tihuatlan","VER","-----6--","RL","1807",,"2042N 09732W",
,"MX","TIJ","Tijuana","Tijuana","BCN","1-34----","AI","0401",,"3232N 11701W",
,"MX","TLZ","Tilzapotla","Tilzapotla","GRO","--3-----","RL","0601",,"1829N 09916W",
,"MX","TIN","Tingüindín","Tinguindin","MIC","-23-----","RL","0607",,"1944N 10230W",
,"MX","TRP","Tiripetío","Tiripetio","MIC","-----6--","RL","1801",,"1933N 10120W",
,"MX","ZTB","Tixkokob","Tixkokob","YUC","-----6--","RL","0901",,"2100N 08924W",
,"MX","TIX","Tixtla","Tixtla","GRO","--3-----","RQ","0607",,"1733N 09925W",
,"MX","TIZ","Tizayuca","Tizayuca","HID","--3-----","RL","0101",,"1950N 09858W",
,"MX","TZM","Tizimín","Tizimin",,"---4----","AI","0212",,"2109N 08809W",
,"MX","TDM","Tlacolula de Matamoros","Tlacolula de Matamoros","OAX","--3-----","RL","1601",,"1657N 09629W",
,"MX","TLM","Tlacotepec de Mejía","Tlacotepec de Mejia","VER","--3-----","RL","1701",,"1911N 09650W",
,"MX","TMO","Tlajomulco de Zúñiga","Tlajomulco de Zuniga","JAL","-23-----","RL","0601",,"2029N 10328W",
,"MX","TVZ","Tlalmanalco de Velázquez","Tlalmanalco de Velazquez","MEX","--3-----","RL","1601",,"1913N 09848W",
,"MX","TLA","Tlalnepantla","Tlalnepantla","MOR","--3-----","RL","2001",,"1902N 09900W",""
,"MX","TLP","Tlalnepantla de Baz","Tlalnepantla de Baz","MEX","-23-----","RL","2001",,"1932N 09911W",""
,"MX","TJT","Tlalpan","Tlalpan",,"1----6--","RL","1201",,"1917N 09910W",
,"MX","TDR","Tlalpujahua de Rayón","Tlalpujahua de Rayon","MIC","-2---6--","RL","1407",,"1948N 10010W",
,"MX","TLL","Tlanepantla","Tlanepantla","PUE","--3-----","RL","1501",,"1914N 09707W",
,"MX","TPN","Tlapacoyan","Tlapacoyan","VER","--3-----","RQ","0901",,"1958N 09712W",
,"MX","TLQ","Tlaquepaque","Tlaquepaque",,"--3-----","RQ","9501",,,
,"MX","TQP","Tlatlauquitepec","Tlatlauquitepec","PUE","--3-----","RL","1607",,"1950N 09730W",
,"MX","TLU","Tlautla","Tlautla","HID","--3-----","RL","1307",,"1957N 09922W",
,"MX","TXL","Tlaxcala","Tlaxcala",,"--3-----","RQ","9501",,,
,"MX","T3A","Tlaxco","Tlaxco","TLA","--3-----","RL","1401",,"1919N 09806W",
,"MX","TAX","Tlaxiaco","Tlaxiaco","OAX","--3-----","RQ","0607",,"1716N 09741W",
,"MX","TLX","Tlaxmalac","Tlaxmalac","GRO","--3-----","RQ","0607",,"1821N 09925W",
,"MX","TLY","Tolcayuca","Tolcayuca","HID","--3-5---","RL","0607",,"1957N 09855W",
,"MX","TOL","Tolimán","Toliman","JAL","--3-----","RL","1707",,"1936N 10355W",
,"MX","TLC","Toluca","Toluca","MEX","--34----","AI","0212",,"1917N 09940W",
,"MX","TOM","Tomatlan","Tomatlan","JAL","--3-----","RL","0901",,"1956N 10515W",
,"MX","TNL","Tonala","Tonala","CHP","--3-----","RQ","0607",,"1605N 09344W",
,"MX","TON","Tonala","Tonala","JAL","--3-----","RL","0101",,"2037N 10313W",
,"MX","TCO","Tonatico","Tonatico","MEX","--3-----","RQ","0901",,"1848N 09940W",
,"MX","7TY","Tonaya","Tonaya","JAL","--3-----","RL","1401",,"1947N 10358W",
,"MX","TNI","Tonila","Tonila","JAL","--3-----","AM","2107",,"2039N 10248W",
,"MX","TPB","Topolobampo","Topolobampo","SIN","1-------","AI","0907",,"2536N 10903W",""
,"MX","TRC","Torreon","Torreon","COA","---4----","AI","9601",,,
,"MX","TOR","Torreón de Arriba","Torreon de Arriba","CHH","--3-----","RL","1801",,"2743N 10615W",
,"MX","9TJ","Tototlán","Tototlan","JAL","--3-----","RL","1701",,"2033N 10248W",
,"MX","TVS","Tres Valles","Tres Valles","VER","--3-----","RL","1301",,"1814N 09607W",
,"MX","TUA","Tula","Tula","TAM","--3-----","RQ","0607",,"2300N 09943W",
,"MX","TUL","Tula de Allende","Tula de Allende","HID","-23--6--","RL","0601",,"2003N 09921W",
,"MX","TLI","Tulancingo","Tulancingo","HID","-23-----","RL","0401",,"2005N 09822W",
,"MX","TPC","Tultepec","Tultepec","MEX","--3-----","RL","1207",,"1941N 09907W",
,"MX","TTN","Tultilan","Tultilan",,"--3-----","RQ","0101",,,
,"MX","TLT","Tultitan","Tultitan","JAL","--3-----","RQ","0901",,,
,"MX","TLN","Tultitlán","Tultitlan","MEX","--3-----","RL","0701",,"1938N 09910W",
,"MX","TUY","Tulum","Tulum",,"---4----","AI","0001",,,
,"MX","TXS","Tuxcacuesco","Tuxcacuesco","JAL","--3-----","RL","0901",,"1941N 10358W",
,"MX","TUX","Tuxpan","Tuxpan","VER","1-------","AI","0907",,"2057N 09724W",""
,"MX","TGZ","Tuxtla Gutiérrez","Tuxtla Gutierrez","CHP","--34----","AI","1401",,"1645N 09307W",""
,"MX","UMN","Uman","Uman","YUC","--3-----","RQ","0901",,"2052N 08944W",
,"MX","UHO","Unión Hidalgo","Union Hidalgo","OAX","--3-----","RL","1707",,"1629N 09450W",
,"MX","URI","Uriangato","Uriangato","GUA","--3-----","RL","0601",,"2008N 10111W",
,"MX","UGA","Ursulo Galván","Ursulo Galvan","VER","--3-----","RL","1301",,"1924N 09621W",
,"MX","2NB","Uruapan","Uruapan","BCN","--3-----","RL","1601",,"3137N 11626W",
,"MX","UPN","Uruapan del Progreso","Uruapan del Progreso","MIC","-234----","AI","0212",,"1925N 10204W",
,"MX","9UM","Usmajac","Usmajac","JAL","--3-----","RL","1307",,"1952N 10334W",
,"MX","VAD","Valladolid","Valladolid","YUC","--3-----","RL","0901",,"2041N 08812W",
,"MX","VDB","Valle de Bravo","Valle de Bravo","MEX","--3-----","RL","0901",,"1911N 10008W",
,"MX","VDS","Valle de Santiago","Valle de Santiago","GUA","--3-----","RQ","0901",,"2023N 10111W",
,"MX","VHM","Valle Hermoso","Valle Hermoso","DUR","--3-----","RL","0201",,"2451N 10456W",
,"MX","VRO","Valle Hermoso","Valle Hermoso","TAM","--3-----","RL","1501",,"2540N 09748W",
,"MX","VAL","Vallejo","Vallejo","SLP","--3-----","RL","1301",,"2307N 10033W",
,"MX","VES","Vanegas","Vanegas","SLP","--3-----","RL","1707",,"2351N 10052W",
,"MX","VDA","Vanegas de Abajo","Vanegas de Abajo","SLP","--3-----","RL","1207",,"2351N 10054W",
,"MX","QET","Venegas","Venegas","QUE","--3-----","RL","1407",,"2035N 10027W",
,"MX","VEP","Venta Parada","Venta Parada","VER","--3-----","RL","1707",,"1851N 09651E",
,"MX","VCA","Venustiano Carranza","Venustiano Carranza","DIF","--3-----","RL","1607",,"1925N 09905W",""
,"MX","VOC","Venustiano Carranza","Venustiano Carranza","MIC","--3-----","RQ","0607",,"2007N 10234W",
,"MX","VER","Veracruz","Veracruz","VER","1-345---","AI","1401",,"1912N 09605W",""
,"MX","VIE","Viesca","Viesca","COA","--3-----","RL","1707",,"2521N 10248W",
,"MX","AZT","Villa Azueta","Villa Azueta","VER","--3-----","RL","1501",,"1808N 09540W",
,"MX","VIB","Villa Constitucion","Villa Constitucion",,"---4----","AI","0001",,,
,"MX","VC5","Villa Corona","Villa Corona","JAL","-23-----","RL","1407",,"2014N 10337W",
,"MX","VDG","Villa de García","Villa de Garcia","NLE","-23-----","RL","0601",,"2548N 10036W",
,"MX","VDR","Villa de Reyes","Villa de Reyes","SLP","--3-----","RQ","1001",,"2148N 10056W",
,"MX","VDZ","Villa de Zaachila","Villa de Zaachila","OAX","-----6--","RL","1807",,"1657N 09644W",
,"MX","BVL","Villa del Pueblito","Villa del Pueblito","QUE","--3-----","RL","1807",,"2032N 10027W",
,"MX","VIF","Villa Flores","Villa Flores","CHP","--3-----","RL","0901",,"1614N 09314W",
,"MX","VGR","Villa Guerrero","Villa Guerrero","JAL","--3-----","RL","0201",,"2159N 10335W",
,"MX","VGO","Villa Guerrero","Villa Guerrero","MEX","--3-----","RL","0701",,"1852N 09938W",""
,"MX","VIH","Villa Hidalgo","Villa Hidalgo","JAL","--3-----","RL","1707",,"2140N 10236W",
,"MX","VNR","Villa Nicolás Romero","Villa Nicolas Romero","MEX","1-3-----","RL","0601",,"1938N 09918W",
,"MX","VGN","Villagran","Villagran","GUA","--3-----","RQ","0607",,"2031N 10101W",
,"MX","VSA","Villahermosa","Villahermosa","TAB","--34----","AI","1401",,"1759N 09255W",""
,"MX","VHA","Vista Hermosa","Vista Hermosa","MIC","--3-----","RL","1107",,"2016N 10229W",
,"MX","OAY","Vizcaya","Vizcaya","COA","--3-----","RL","1401",,"2534N 10312W",
,"MX","XLS","Xalisco","Xalisco","NAY","--3-----","RL","1701",,"2126N 10454W",
,"MX","XAL","Xalostoc","Xalostoc","MEX","1-3--6--","RL","0701",,"1931N 09905W",""
,"MX","XZC","Xicohtzinco","Xicohtzinco","SLP","--3-----","RQ","0901",,"1910N 09814W",
,"MX","XER","Xicotepec De Juarez","Xicotepec De Juarez","PUE","--3-----","RL","1601",,"2018N 09758W",
,"MX","9AS","Xochimancas","Xochimancas","MOR","1-3-----","RL","1401",,"1847N 09906W",
,"MX","XMO","Xochimilco","Xochimilco","MEX","--3-----","RL","0101",,"1915N 09903W",
,"MX","ZMH","Xochitepec","Xochitepec","MOR","-----6--","RL","0901",,"1847N 09914W",
,"MX","XON","Xonacatlán","Xonacatlan","MEX","--3-----","RL","1607",,"1924N 09931W",
,"MX","XPI","Xpichil","Xpichil","ROO","--3-----","RQ","0607",,"1941N 08825W",
,"MX","YAU","Yautepec","Yautepec","MOR","--3-----","RL","1707",,"1853N 09904W",
,"MX","YAV","Yavaros","Yavaros","SON","--3-----","RQ","0901",,"2642N 10931W",
,"MX","YZX","Yecapixtla","Yecapixtla","MOR","--3-----","RL","0307",,"1852N 09851W",
,"MX","YUK","Yukalpeten","Yukalpeten",,"1-------","RQ","8103",,,
,"MX","YUR","Yuriria","Yuriria","GUA","--3-----","RL","1707",,"2012N 10109W",
,"MX","YKN","Yùum K'Ak'Náab","Yuum K'Ak'Naab",,"------7-","RQ","1001",,"1936N 09217W",
,"MX","ZCP","Zacapu","Zacapu","MIC","--3-----","RL","0901",,"1950N 10143W",
,"MX","ZCL","Zacatecas","Zacatecas","ZAC","--34----","AI","0212",,"2247N 10235W",
,"MX","ZTP","Zacatepec","Zacatepec","MOR","--3-----","RL","1301",,"1839N 09912W",
,"MX","ZAC","Zacatlan","Zacatlan","PUE","--3-----","RQ","0607",,"1957N 09758W",
,"MX","ZDT","Zacoalco de Torres","Zacoalco de Torres","JAL","--3-----","RQ","0607",,"2012N 10332W",
,"MX","ZTN","Zacualtipan","Zacualtipan","HID","--3-----","RL","0901",,"2039N 09836W",
,"MX","ZKP","Zakapu","Zakapu","MIC","123-----","RL","0601",,"1948N 10148W",
,"MX","ZMM","Zamora","Zamora","MIC","-234----","AI","0401",,"1959N 10216W",
,"MX","ZMN","Zamora Michoacan","Zamora Michoacan","MIC","--3-----","RL","1601",,"1959N 10217W",
,"MX","ZAP","Zapopan","Zapopan","JAL","--3-----","RL","9901",,,
,"MX","ZPC","Zapotiltic","Zapotiltic","JAL","--3-----","RL","1501",,"1937N 10326W",
,"MX","ZLR","Zapotlan del Rey","Zapotlan del Rey","JAL","-----6--","RL","0901",,"2027N 10255W",
,"MX","LFD","Zapotlanejo","Zapotlanejo","JAL","-----6--","RL","0901",,"2038N 10340W",
,"MX","ZRZ","Zaragoza","Zaragoza","PUE","1-3--6--","RL","0701",,"1946N 09732W",""
,"MX","XEM","Zempoala","Zempoala","HID","--3-----","RL","1707",,"1955N 09840W",
,"MX","XIH","Zihuatanejo","Zihuatanejo","GRO","1-------","AI","0907",,"1738N 10133W",""
,"MX","ZPM","Zimapán","Zimapan","HID","--3-----","RL","1707",,"2045N 09921W",
,"MX","ZMJ","Zinacantepec","Zinacantepec","MEX","-----6--","RL","0901",,"1916N 09944W",
,"MX","ZIT","Zitlaltepec de Trinidad Sánchez Santos","Zitlaltepec de Trinidad Sanchez Santos","TLA","--3-----","RL","1607",,"1912N 09754W",
,"MX","ZPU","Zumpahuacán","Zumpahuacan","MEX","--3--6--","RL","0601",,"1854N 09933W",
,"MX","ZUM","Zumpango de Ocampo","Zumpango de Ocampo","MEX","--34----","RL","2301",,"1948N 09906W",""
,"MX","ZDR","Zumpango del Rio","Zumpango del Rio","GRO","--3-----","RQ","0607",,"1739N 09932W",
